58
50
39
43
30
45
35
27
48
50
51
47
34
41
30
51
55
47
34
28
30
50
48
33
58
36
34
32
41
34
52
23
43
50
34
53
42
51
33
48
49
37
40
39
30
28
31
55
48
39
49
26
36
32
26
31
36
30
56
45
54
48
42
24
28
28
52
57
29
41
31
44
46
36
49
34
34
32
27
33
49
33
36
33
21
30
23
40
31
33
35
48
57
37
33
53
32
46
35
30
34
46
52
27
34
32
53
59
25
37
33
36
46
55
50
53
39
35
56
45
49
46
32
46
28
40
56
48
42
44
27
56
36
60
38
33
32
46
36
46
44
34
34
40
42
56
42
26
56
31
43
33
30
47
40
38
49
36
55
57
29
57
26
47
42
39
42
32
36
55
55
49
29
35
50
52
45
54
49
32
19
57
27
52
47
32
39
33
40
48
51
25
43
58
32
54
33
36
52
56
35
46
36
58
41
30
51
47
23
35
44
51
49
48
53
50
28
56
39
51
40
39
29
53
29
50
13
30
30
48
43
43
25
45
56
54
54
45
36
44
42
33
40
56
49
54
33
37
46
24
36
29
20
42
27
53
58
48
59
53
50
29
33
49
26
50
45
55
49
40
38
33
34
50
49
34
33
58
32
22
58
27
42
34
45
49
54
39
34
55
38
38
32
46
38
36
45
51
42
32
37
32
56
49
22
38
36
32
26
42
35
48
58
52
30
39
47
52
46
49
52
30
55
56
35
52
33
32
53
43
46
40
55
41
51
50
28
30
37
38
48
53
33
29
24
47
52
46
52
35
56
57
47
47
53
27
52
33
44
57
38
60
34
39
48
33
53
35
49
32
51
32
34
41
28
41
35
36
58
28
54
44
25
41
52
55
48
56
23
37
24
57
36
53
35
45
38
31
30
35
39
34
36
52
42
30
30
41
53
55
40
25
60
50
41
56
52
29
37
29
30
37
41
52
51
31
38
46
39
54
33
31
29
49
52
32
57
39
49
34
50
54
53
58
38
26
30
34
60
42
47
30
43
42
43
50
45
30
61
50
37
57
37
32
46
37
53
38
29
26
34
26
26
53
56
51
30
30
55
48
27
61
56
37
47
42
53
56
49
45
32
40
33
34
53
47
34
25
42
44
50
36
52
57
35
46
33
26
32
51
30
48
51
43
35
32
51
31
30
45
30
27
30
44
55
57
27
41
45
49
35
61
29
43
49
44
31
32
52
50
32
36
31
33
45
51
21
27
48
46
34
52
32
34
43
38
27
47
57
49
47
38
31
58
49
29
45
38
31
34
25
39
34
44
38
47
29
41
45
34
38
22
30
35
31
46
45
57
46
37
25
49
47
51
52
36
33
37
25
59
41
31
54
34
52
50
53
55
36
48
60
40
34
29
51
45
54
30
48
35
33
28
46
56
25
48
45
52
54
32
35
43
30
52
32
52
38
46
46
53
58
34
51
59
35
61
50
51
46
44
53
50
23
49
32
50
51
50
44
49
51
44
30
45
52
50
25
32
49
36
34
31
32
60
51
28
41
47
47
48
45
50
30
32
33
56
47
39
37
52
30
49
65
50
39
33
34
54
35
35
51
25
47
38
59
33
44
38
31
45
36
33
33
48
31
56
46
27
28
37
58
36
36
40
34
36
43
34
48
30
52
30
35
33
40
49
54
52
40
25
49
30
61
51
50
46
44
42
30
51
58
40
48
35
28
48
52
44
57
55
51
31
36
50
42
39
52
34
32
54
46
36
35
45
57
49
31
38
51
41
37
48
30
30
35
29
52
60
50
32
30
30
36
54
53
37
43
47
31
47
60
36
60
38
57
50
33
47
55
48
37
35
37
59
34
45
30
51
35
43
53
29
34
44
46
45
45
44
56
49
50
52
52
57
64
29
30
49
56
32
43
33
50
51
41
35
51
39
49
61
56
33
48
42
38
37
53
34
45
49
54
49
48
25
35
45
34
36
46
41
32
54
46
44
38
28
51
46
52
29
50
38
33
36
32
32
37
55
33
58
33
48
39
48
47
33
36
49
54
21
55
32
50
49
64
48
18
49
35
30
57
36
51
40
50
32
36
53
32
34
49
30
37
51
50
45
35
41
43
54
27
59
44
58
34
21
33
58
38
29
36
39
35
51
51
55
41
57
43
50
49
59
51
38
57
46
48
33
35
44
31
43
35
30
51
52
32
51
47
52
40
29
55
55
45
39
40
46
48
46
37
40
33
51
35
32
44
50
29
56
53
44
29
32
38
22
31
33
24
22
