32
43
59
47
47
47
34
44
47
50
35
34
42
49
38
54
32
32
36
30
38
41
44
28
58
29
36
50
48
56
26
53
45
22
29
39
28
54
27
29
54
35
47
35
30
49
41
52
25
26
30
56
51
26
34
30
35
46
29
46
35
37
51
31
33
37
31
43
33
38
56
42
42
48
46
53
34
55
35
49
50
43
40
37
49
33
34
33
58
33
37
49
41
40
49
29
54
34
33
32
51
44
39
36
34
50
50
50
36
36
41
51
39
46
42
40
47
38
30
56
58
49
57
31
36
34
48
39
48
55
57
40
50
37
39
47
49
48
52
37
29
56
32
34
38
32
46
44
34
54
55
47
44
24
59
41
28
50
50
48
46
42
28
35
25
39
40
47
32
49
26
35
51
29
51
56
34
31
28
37
49
35
23
45
49
25
31
48
55
37
42
54
33
49
36
48
49
54
55
41
26
36
50
57
46
50
31
28
49
53
31
58
49
35
47
51
46
30
44
50
24
46
50
56
30
28
53
31
51
38
34
53
32
27
38
50
55
29
54
39
49
52
30
35
34
34
46
47
60
44
35
59
31
47
37
25
46
33
46
58
27
46
51
50
36
49
47
52
31
42
53
50
38
49
43
39
47
34
34
58
61
49
49
34
32
32
32
52
59
47
28
37
49
34
47
55
40
58
43
49
53
32
50
51
54
48
48
52
46
34
54
33
25
43
35
41
29
44
50
49
28
46
35
50
40
35
51
38
47
41
45
47
50
36
33
23
55
48
35
45
40
34
48
39
44
46
29
47
36
43
56
52
47
50
33
31
26
43
27
31
31
45
51
51
51
36
50
29
39
49
38
34
27
35
32
33
29
31
30
34
65
32
48
44
36
54
54
36
29
36
55
32
30
27
41
29
26
34
51
47
33
53
44
28
41
52
34
44
51
32
44
44
42
58
44
28
55
47
35
50
47
43
53
23
58
43
28
31
51
58
43
22
52
26
28
31
41
36
47
35
32
48
60
50
42
50
49
57
54
20
37
31
45
50
28
34
58
36
52
29
48
32
54
34
39
28
25
30
56
51
42
61
60
47
30
46
27
46
32
41
49
51
39
49
38
49
55
31
55
63
50
27
37
53
44
48
45
30
45
33
49
55
37
51
50
56
40
38
37
55
45
29
47
52
46
51
36
32
48
53
36
30
35
24
49
55
37
49
39
32
58
35
48
35
29
40
26
51
29
24
51
31
40
30
39
46
51
49
56
48
44
50
32
49
35
32
54
25
54
33
49
28
30
40
51
54
30
53
53
28
60
28
36
30
39
50
51
34
35
49
48
27
51
54
30
34
43
49
50
38
45
57
57
31
32
31
55
42
30
48
41
46
57
36
29
50
58
33
23
28
36
35
27
27
48
46
33
24
47
47
46
33
48
61
39
46
29
31
29
51
61
48
46
36
35
44
49
55
48
32
33
55
24
30
60
26
51
50
45
38
34
49
56
32
24
52
33
32
36
49
46
51
48
38
26
51
34
31
35
42
29
21
52
47
31
53
24
51
54
40
31
48
37
50
34
51
32
42
32
30
28
49
44
55
32
34
34
51
34
46
44
44
49
52
29
48
22
45
31
49
29
52
54
44
25
43
29
32
29
46
31
33
35
46
49
38
47
41
34
45
45
39
60
45
35
33
37
52
30
55
30
29
49
39
39
31
45
48
34
51
49
53
31
61
35
25
52
38
37
51
29
30
29
51
54
34
60
35
35
33
46
32
34
47
34
52
50
49
30
52
52
44
34
23
35
29
48
38
33
56
47
46
50
39
32
47
43
44
51
35
49
48
35
33
49
39
33
46
50
54
27
53
49
61
27
34
37
38
36
36
40
49
28
45
42
47
46
30
24
35
50
36
41
31
51
41
38
57
33
60
45
41
33
26
24
43
46
60
54
27
34
55
39
49
60
39
38
34
48
41
54
34
45
51
34
56
33
55
36
57
30
29
58
53
34
47
26
50
41
50
37
42
48
42
55
44
41
32
30
36
40
36
25
55
56
43
43
34
33
54
35
37
40
54
36
38
41
28
54
40
52
49
29
29
37
28
36
60
34
50
53
23
50
36
26
47
35
51
31
43
41
53
26
58
42
33
35
32
53
40
36
51
49
57
33
32
31
51
33
51
41
37
57
38
30
48
27
34
53
49
34
36
35
50
35
25
38
48
29
34
48
50
48
54
38
25
28
57
51
45
30
51
24
54
54
43
49
35
26
51
27
35
48
47
40
28
23
29
33
37
