22
54
32
30
50
52
33
46
36
38
34
50
36
43
41
35
28
42
31
52
30
53
52
20
26
34
45
53
29
38
52
38
31
41
58
53
35
54
53
54
36
39
30
30
28
51
55
46
41
35
56
28
52
40
40
49
50
35
35
47
51
35
27
46
50
38
35
53
29
55
28
59
31
53
38
25
46
40
31
40
33
60
46
34
52
53
26
56
51
52
52
61
51
41
35
31
49
33
46
34
29
31
47
30
48
34
44
39
46
26
51
38
27
36
31
46
36
59
37
34
35
54
33
40
49
55
36
33
50
51
48
28
36
46
50
29
28
50
54
38
40
47
37
34
28
52
37
64
40
37
35
40
44
41
47
45
58
39
30
26
34
28
54
36
32
55
52
50
34
45
59
34
53
30
54
31
52
54
31
37
42
44
34
33
54
32
51
40
51
42
39
35
54
28
37
25
49
33
43
31
27
56
50
55
55
27
43
57
50
43
36
53
47
31
52
49
42
45
36
43
55
46
36
29
33
54
36
31
34
44
37
45
40
54
31
40
31
42
51
53
26
31
52
37
27
51
35
49
33
54
62
45
49
37
59
54
47
46
52
53
54
42
24
22
33
47
53
56
28
34
45
31
29
29
46
42
34
38
55
35
40
28
27
32
49
32
43
39
49
58
24
33
32
47
57
45
32
25
33
32
26
36
58
59
50
38
33
33
44
45
31
27
51
38
28
48
51
45
40
34
32
51
22
44
40
50
50
26
53
50
56
50
35
54
50
30
27
52
39
41
34
49
39
36
58
32
43
47
45
44
27
45
43
52
51
47
29
38
27
33
32
40
57
57
34
51
27
30
46
50
31
53
37
32
53
39
48
39
51
47
55
25
30
46
53
29
32
47
32
52
49
59
30
47
57
34
38
41
39
50
34
52
47
37
35
56
34
56
56
27
42
39
38
44
28
30
31
52
46
35
47
29
39
36
49
29
29
52
48
35
40
43
34
34
30
32
60
47
54
54
38
34
28
38
49
50
30
33
41
51
50
44
48
46
48
35
44
35
30
55
48
30
53
35
51
52
54
31
37
37
43
54
53
37
49
53
33
46
28
30
50
30
33
38
32
55
52
26
49
60
29
29
34
36
40
36
24
46
34
50
52
48
55
50
33
37
38
53
55
37
47
32
28
25
36
41
46
49
41
27
44
49
50
58
28
33
50
30
52
58
49
29
37
46
43
53
36
46
52
52
47
53
30
27
51
33
33
38
33
43
26
51
42
39
31
56
26
38
30
47
44
51
46
35
50
40
43
56
48
34
26
33
53
49
28
41
58
33
39
29
28
47
59
52
51
45
55
25
58
30
34
42
47
46
43
53
27
54
33
43
35
46
33
49
43
39
42
36
44
53
28
41
35
31
46
43
44
48
51
41
51
33
56
34
48
46
38
52
58
59
49
39
31
50
30
35
47
54
59
38
38
35
43
31
39
36
36
48
30
56
56
41
31
34
46
32
33
43
55
31
52
46
32
54
38
52
39
51
50
31
47
29
21
32
47
32
23
42
42
38
52
30
30
34
33
32
45
52
46
45
62
40
28
30
35
35
39
46
63
25
31
51
27
30
56
42
50
37
31
55
42
30
46
28
58
47
47
47
58
32
33
36
49
29
27
56
35
30
33
27
44
50
46
52
57
55
40
55
30
53
49
51
49
58
30
41
28
30
50
53
42
52
49
54
31
52
53
50
46
56
33
38
37
56
36
30
33
23
57
55
45
56
34
47
52
58
35
46
58
52
51
49
38
53
24
22
57
44
44
45
37
30
30
50
50
54
32
39
38
52
35
45
48
54
46
35
39
38
46
46
25
34
24
43
46
31
29
31
31
32
44
56
36
36
48
59
53
45
50
35
33
32
33
61
51
41
51
30
55
38
28
47
32
36
42
40
44
52
37
48
53
35
35
49
43
39
51
28
54
50
33
32
44
25
49
35
36
34
31
52
29
31
46
18
31
48
28
64
29
27
32
41
36
55
28
47
50
44
53
31
54
57
32
42
55
41
57
54
32
50
48
30
39
32
34
45
50
48
41
38
39
51
40
38
34
49
35
49
53
31
42
32
52
29
35
58
31
30
33
33
53
49
32
17
33
46
30
25
48
49
35
33
48
50
42
44
32
58
30
45
30
21
38
36
30
31
29
35
32
30
34
39
36
50
27
23
52
33
37
56
29
49
41
37
56
27
42
51
38
42
24
37
37
55
48
48
27
36
43
59
48
55
47
52
36
51
21
34
29
30
