41
48
55
36
51
49
51
26
52
31
34
33
51
50
34
52
48
53
52
51
52
30
52
29
22
22
52
53
49
29
33
48
26
48
38
47
47
52
49
46
36
51
50
33
26
48
17
50
30
39
48
46
17
42
48
32
53
46
24
34
35
48
47
53
46
52
37
49
28
53
49
50
47
52
25
55
49
16
47
52
52
35
44
29
41
28
54
38
43
37
51
29
23
54
33
33
47
49
52
49
48
54
41
29
33
46
51
48
21
55
38
32
50
18
23
46
46
11
52
14
39
31
48
39
48
47
52
50
24
48
30
46
50
26
25
23
33
29
49
46
48
36
43
51
50
41
30
46
50
31
26
53
47
52
54
42
54
49
25
29
49
53
31
49
45
50
51
35
33
43
43
32
47
49
50
42
53
42
50
45
34
39
45
36
28
54
48
49
57
41
41
21
33
24
52
54
50
26
36
51
37
51
38
38
51
52
44
50
46
54
48
30
55
54
50
49
26
28
36
49
53
35
46
52
46
37
30
22
54
34
47
50
48
40
52
24
48
48
38
43
50
50
39
50
23
52
54
49
46
51
35
39
49
27
49
34
54
31
53
25
16
30
52
37
42
34
46
21
35
53
36
52
51
48
14
46
53
48
53
45
25
52
30
53
26
30
32
35
51
48
49
34
54
53
52
54
46
45
23
44
54
50
15
38
53
53
45
49
53
43
37
39
50
51
49
34
54
50
53
47
49
28
33
36
44
48
11
51
49
19
16
46
51
49
46
49
38
40
51
36
48
51
49
50
36
34
27
54
30
51
49
34
47
36
30
28
45
52
49
44
52
22
50
46
53
43
49
51
50
32
48
49
22
51
38
40
54
49
50
53
49
21
46
50
44
52
36
47
46
45
47
35
50
54
54
51
30
41
53
42
49
48
24
32
31
17
51
49
52
46
28
49
23
51
36
47
40
34
25
54
23
30
50
47
25
53
51
11
33
52
35
31
50
49
50
34
50
29
51
37
51
49
31
49
47
49
31
46
32
46
44
52
40
42
58
46
49
27
44
19
47
58
48
50
38
32
49
47
53
14
18
24
38
53
39
41
42
50
51
28
46
47
45
52
49
52
49
36
38
41
30
50
33
34
50
14
37
34
40
23
50
45
29
49
48
52
26
50
31
45
42
22
55
35
46
48
37
49
25
52
40
48
32
31
32
39
33
39
41
37
46
45
31
30
51
54
46
35
29
48
51
32
54
33
51
16
38
51
55
23
47
47
26
19
54
20
38
26
32
21
52
22
51
34
33
39
50
36
56
53
28
46
52
54
35
29
49
51
25
28
31
38
31
28
52
51
35
27
24
44
51
51
48
34
27
32
48
47
29
41
50
45
36
37
28
28
46
50
34
53
53
43
27
48
51
38
49
27
54
14
23
32
48
48
48
51
37
45
44
42
53
50
33
51
51
31
47
42
23
34
49
26
31
48
32
50
53
46
50
51
41
39
32
48
45
52
41
28
52
21
39
50
54
48
53
16
51
50
53
37
42
50
35
35
53
22
49
25
48
52
38
29
52
44
18
53
54
39
36
53
28
48
52
31
46
47
34
48
52
58
36
49
53
49
53
26
47
32
48
49
57
48
30
45
46
23
45
48
53
52
53
41
42
38
33
34
26
47
47
45
49
16
48
52
21
23
30
55
51
27
52
49
49
33
51
53
35
38
44
45
52
58
43
49
30
54
22
51
53
21
43
51
50
23
51
52
49
53
51
50
39
30
23
44
52
49
51
58
45
48
52
29
51
25
36
35
43
31
29
48
32
45
33
30
38
34
50
51
30
25
45
25
42
51
42
42
28
32
26
41
60
30
54
34
27
35
39
34
26
44
52
50
24
43
40
47
46
47
51
32
33
52
44
27
39
40
52
34
50
44
40
33
51
47
53
45
54
35
43
48
56
47
22
56
32
53
54
51
35
25
49
54
57
55
46
44
49
33
49
55
50
52
51
53
46
34
53
52
39
50
57
38
32
36
33
49
49
27
36
52
51
52
53
47
53
28
25
47
31
27
48
53
14
45
48
27
48
50
47
50
40
26
33
27
45
34
51
36
33
32
20
48
50
35
27
32
26
29
36
47
34
49
46
32
52
33
48
53
51
49
44
45
51
40
21
52
41
21
50
49
48
46
50
55
44
52
27
54
26
28
35
25
32
52
53
51
33
47
42
34
49
36
56
48
47
53
47
54
21
50
47
32
54
48
19
49
38
48
48
29
26
26
27
49
37
52
52
25
49
30
