24
41
30
50
27
61
58
32
48
33
32
33
51
47
43
55
31
32
53
33
38
43
52
47
34
42
29
53
62
31
51
58
44
50
53
43
50
49
46
52
31
54
31
48
31
43
27
45
47
56
46
35
50
54
47
31
36
38
38
40
29
47
50
48
56
32
29
36
41
58
41
28
36
37
53
26
61
42
35
29
30
55
35
51
49
53
41
37
59
50
38
65
31
28
37
50
38
58
51
46
47
47
35
54
38
30
24
37
51
41
30
57
48
42
39
44
51
48
51
37
31
37
48
25
57
41
58
33
51
40
57
30
52
54
24
35
48
30
51
54
33
49
39
54
33
58
27
52
52
48
36
42
54
37
42
40
47
34
40
36
52
47
25
33
61
59
50
36
34
53
46
55
49
50
39
55
40
39
36
54
38
55
57
51
24
34
27
34
59
47
24
48
52
36
32
32
50
31
45
23
40
38
56
52
28
46
51
31
37
45
56
47
29
36
30
52
48
59
52
53
54
35
45
36
33
41
49
38
32
38
34
27
39
35
49
32
30
24
34
34
33
51
29
51
41
37
28
28
61
33
30
47
30
33
50
29
36
48
51
56
28
46
47
30
34
21
34
55
43
31
45
27
36
55
28
41
60
39
30
50
53
35
43
58
34
18
49
46
28
34
54
29
33
29
33
49
50
35
30
56
31
53
55
36
56
56
50
49
44
51
47
48
58
32
50
28
38
39
46
30
33
31
56
51
35
37
32
55
54
37
37
36
29
47
34
38
50
55
58
50
46
47
34
28
57
47
52
49
58
29
45
31
57
34
50
48
47
46
27
48
34
26
56
26
37
28
45
46
36
49
54
49
51
50
32
30
44
51
25
48
46
34
28
37
47
47
39
48
35
31
34
31
50
51
33
26
48
55
59
27
50
52
55
33
30
39
29
51
33
34
35
45
29
41
28
35
46
32
33
50
34
22
31
49
45
31
53
52
54
47
50
47
35
51
35
47
48
35
41
34
50
34
28
43
32
48
34
24
48
41
41
30
43
38
52
29
30
54
24
53
49
46
34
33
53
49
52
33
48
34
35
31
41
50
50
37
34
38
36
31
29
54
56
38
46
47
34
32
30
34
35
28
40
48
25
49
30
26
49
56
52
46
27
42
33
46
47
58
33
50
31
45
31
33
47
41
46
40
55
37
34
53
36
53
30
55
50
53
43
57
25
28
46
26
54
34
42
35
36
55
44
55
44
23
30
49
43
61
57
37
60
56
47
34
47
54
45
53
37
59
30
17
31
38
55
36
28
53
46
30
50
46
54
52
46
38
33
19
48
44
52
54
36
38
60
58
28
32
32
49
50
37
23
41
25
37
51
36
42
35
51
30
51
51
35
49
42
22
47
32
32
26
33
58
33
38
38
49
48
44
56
53
31
59
42
33
19
31
54
28
38
47
31
42
44
26
25
31
52
35
35
53
30
28
51
49
48
30
35
31
54
52
45
42
33
27
48
49
34
47
32
29
28
54
46
33
51
29
53
29
29
34
31
33
50
54
37
39
29
36
33
57
35
36
24
26
42
45
63
40
39
48
36
31
35
50
57
36
50
56
25
43
35
50
43
34
32
27
51
40
54
58
49
59
31
31
33
51
50
49
30
28
33
38
54
48
23
35
57
23
29
53
48
47
48
39
48
26
36
30
50
47
46
48
32
24
46
52
39
38
48
37
45
31
41
54
45
54
32
28
32
58
38
33
37
53
41
42
31
46
33
43
51
50
46
39
48
53
50
34
49
42
23
52
36
30
56
30
36
51
42
30
42
32
32
46
48
55
36
46
33
56
54
37
41
52
43
45
32
35
36
45
37
45
40
50
46
51
43
43
30
52
46
34
30
37
50
54
35
47
50
45
49
56
37
59
28
48
42
26
26
49
36
51
49
41
27
52
35
50
29
27
35
30
52
39
44
47
60
31
49
45
31
39
46
35
51
43
51
38
31
35
58
40
51
34
46
28
35
45
50
47
41
53
54
36
31
36
57
52
31
22
34
49
34
35
52
45
49
39
49
45
49
32
59
53
28
40
49
42
53
34
50
31
39
45
59
43
36
53
24
33
33
46
47
32
41
33
40
35
31
50
42
56
54
32
45
33
48
49
32
29
49
52
49
43
53
41
51
40
48
53
33
46
26
25
52
37
55
48
51
32
26
45
23
58
54
39
36
23
30
27
37
34
35
53
44
32
47
32
45
34
47
36
36
41
36
34
51
52
29
37
39
48
55
28
34
53
32
49
