50
34
49
50
28
28
36
52
27
47
41
30
33
24
51
45
51
16
46
27
31
20
54
53
19
48
57
40
45
49
50
48
45
38
43
48
48
48
17
34
51
49
42
54
29
29
53
37
49
56
56
42
47
47
47
53
17
32
49
47
36
36
52
38
50
55
45
50
38
26
50
36
51
43
26
53
33
32
54
36
49
28
40
29
46
34
52
21
35
31
24
29
38
36
38
42
49
26
49
50
35
30
25
39
48
54
33
51
38
32
28
43
45
49
42
28
47
33
56
51
51
51
47
49
57
39
52
51
43
36
54
33
40
22
40
30
41
54
25
53
20
26
50
38
57
32
40
23
32
48
44
49
41
50
44
29
24
27
43
47
49
54
31
42
50
47
32
24
50
50
27
41
50
18
49
48
48
32
52
41
58
26
51
51
37
42
42
16
47
57
28
28
38
35
51
37
52
26
48
52
47
37
53
55
52
50
23
27
47
49
36
26
58
46
50
49
22
27
41
45
35
19
51
52
34
34
50
29
51
21
41
50
48
20
38
47
48
55
49
47
48
51
27
42
45
23
32
35
48
35
55
52
49
23
27
16
37
32
31
49
51
29
50
26
55
44
35
50
35
54
51
24
50
35
47
44
27
42
36
53
15
46
53
19
49
50
54
51
43
44
33
53
17
53
46
42
32
30
47
27
37
27
47
33
52
48
49
43
54
18
32
29
27
49
48
18
52
48
47
52
46
38
51
22
51
24
49
35
52
32
48
54
28
31
52
46
50
50
49
37
39
36
39
51
40
27
50
52
50
45
48
30
38
36
53
50
48
42
51
43
49
49
24
36
27
25
29
51
37
56
51
42
45
27
36
37
30
33
26
51
48
48
36
35
37
50
33
33
45
22
30
52
30
49
50
49
36
48
55
46
51
29
53
42
33
52
47
53
44
39
54
42
27
35
50
50
51
39
33
32
30
48
44
28
52
25
22
49
50
30
52
29
16
48
57
34
52
51
54
35
51
54
53
22
51
31
27
32
55
50
30
28
51
30
25
55
54
54
53
37
62
49
37
37
50
31
49
42
44
52
51
49
50
43
52
46
46
48
29
49
32
53
30
54
45
51
48
46
48
43
54
52
45
51
56
43
47
51
47
34
41
46
51
45
48
38
22
34
19
19
32
52
49
37
40
46
27
28
43
36
55
29
57
54
25
36
50
41
31
53
27
51
13
35
53
51
38
48
47
49
31
50
53
49
52
28
38
18
52
52
54
46
50
17
50
24
53
41
46
23
25
32
50
24
29
54
54
26
54
46
45
33
32
52
49
25
40
49
26
22
30
49
42
50
43
54
44
33
46
52
34
47
26
53
48
26
54
48
50
46
48
33
32
53
53
50
51
28
30
34
47
35
27
25
50
51
52
34
28
39
45
50
10
50
53
49
48
38
21
57
28
43
53
39
49
52
58
26
28
27
52
25
26
29
47
14
48
32
56
56
25
33
32
49
57
34
50
50
51
36
37
22
48
21
49
27
24
15
22
37
37
54
37
51
44
32
33
52
36
33
37
41
34
52
30
52
53
39
48
39
24
48
51
49
28
42
54
54
52
50
26
50
48
27
34
55
40
37
57
52
47
15
27
31
39
48
45
49
38
41
42
14
52
48
42
33
32
35
46
51
47
50
41
20
49
42
47
43
47
41
44
27
50
46
37
50
30
41
36
35
45
51
41
26
25
31
39
29
53
56
51
53
49
30
25
51
50
46
32
26
22
35
46
39
27
48
28
53
26
50
38
18
31
37
49
45
38
53
24
48
30
50
51
42
45
36
29
23
34
31
27
46
36
29
25
53
24
54
47
52
49
44
48
31
30
19
18
38
30
53
54
51
24
49
50
49
48
35
38
41
50
9
36
50
47
25
51
55
26
54
26
35
34
38
40
49
52
38
24
47
40
56
49
46
48
31
50
49
49
50
46
49
47
34
54
48
50
52
46
51
49
43
45
47
48
51
44
50
25
55
27
29
37
53
51
38
52
29
33
47
36
24
51
50
32
38
45
50
36
49
51
50
39
52
38
27
51
29
23
36
22
52
47
46
51
53
27
50
48
41
55
53
34
47
29
44
30
31
43
29
53
48
47
26
48
57
20
17
25
51
31
29
32
48
31
33
32
20
34
51
49
29
52
40
29
50
52
54
25
41
21
50
48
53
53
55
15
37
32
52
51
41
52
31
35
50
50
25
44
51
52
47
46
41
31
35
43
43
50
51
51
34
48
57
52
37
28
48
25
32
