33
27
29
57
39
51
32
45
39
39
29
30
29
47
38
42
41
43
49
36
25
31
44
53
32
30
31
26
35
30
45
51
53
46
53
49
35
50
39
42
35
52
28
59
28
51
28
47
23
38
33
47
52
44
50
48
31
31
44
24
49
45
35
48
43
52
46
34
45
48
35
33
38
53
29
36
54
37
50
37
30
44
39
28
35
53
33
54
51
59
36
42
29
32
40
47
34
30
35
49
39
29
35
38
32
25
29
48
44
51
46
38
46
34
50
26
48
34
47
51
60
53
43
51
52
29
36
38
43
31
41
47
54
37
50
48
51
54
38
50
33
39
59
33
46
34
58
46
54
33
19
51
38
47
37
46
35
25
30
26
54
31
47
56
46
44
33
49
50
53
54
44
39
23
56
33
60
54
27
30
46
34
28
43
33
38
38
47
34
50
30
35
35
65
51
42
41
27
46
31
35
38
49
30
48
42
35
58
56
50
50
29
52
51
38
54
25
36
49
41
46
55
34
51
40
32
54
33
31
36
32
36
40
30
50
33
55
41
27
59
37
34
52
29
30
57
48
55
40
34
37
31
28
52
54
28
32
24
57
33
40
35
39
28
46
33
35
51
51
50
56
42
34
57
37
30
59
39
45
39
34
31
48
54
34
50
30
53
54
25
30
39
29
28
54
31
32
31
49
57
55
47
51
41
47
56
49
32
23
57
30
47
49
32
44
32
54
32
53
28
39
28
31
44
35
30
34
39
31
32
49
42
56
35
30
38
32
64
47
58
45
31
25
49
30
31
51
29
36
47
45
51
39
33
52
41
56
51
27
28
32
48
44
33
50
33
42
39
50
38
33
55
31
51
46
35
38
36
42
51
35
31
36
35
31
57
37
53
50
42
31
28
49
38
46
33
44
40
40
49
31
31
43
47
36
36
46
30
35
52
26
49
46
59
44
31
53
34
33
26
49
51
50
48
47
50
57
54
36
34
58
41
28
50
48
34
46
54
39
34
35
30
26
54
46
34
31
28
58
50
27
31
53
30
31
28
28
24
32
30
30
50
50
38
38
51
32
37
30
37
34
27
25
49
50
34
56
29
21
47
45
47
49
56
29
27
50
49
31
23
52
44
35
29
57
35
23
40
32
36
52
45
37
33
35
39
27
51
53
55
52
28
45
26
51
31
40
30
37
55
54
52
31
36
35
43
29
46
47
49
44
42
42
56
46
48
32
47
41
49
41
52
53
52
44
35
47
36
53
46
50
50
43
30
46
41
45
54
52
53
47
59
46
27
46
53
44
52
38
28
45
40
37
36
48
36
40
51
41
49
59
43
33
28
45
50
32
45
53
44
53
47
36
54
42
45
32
31
28
29
30
26
48
29
37
33
53
56
37
40
50
36
53
17
52
63
45
29
57
34
26
53
23
38
47
46
54
50
33
51
32
52
35
52
42
44
59
29
40
46
38
56
58
53
33
51
36
44
28
32
35
32
43
47
34
44
25
36
47
52
44
50
29
46
52
45
29
51
54
34
34
45
49
27
38
48
37
27
49
47
39
37
46
39
25
56
41
53
28
34
42
32
52
47
53
38
30
53
46
46
51
38
36
31
33
47
36
33
43
49
32
53
51
49
40
27
49
52
44
38
46
52
38
39
51
55
50
33
35
25
29
51
35
51
49
30
56
38
46
41
51
50
47
51
25
28
48
48
35
53
31
52
52
37
30
36
27
50
22
27
45
29
60
28
20
29
43
46
29
56
33
48
54
35
44
46
30
29
58
36
30
53
27
29
28
29
50
30
25
27
48
46
25
47
40
56
43
61
39
55
54
38
48
51
45
25
54
53
35
48
49
22
26
52
54
47
48
38
48
45
47
34
30
28
23
59
43
38
32
40
57
52
47
44
33
22
24
52
32
25
43
38
52
56
25
52
43
47
32
32
34
51
48
54
29
27
51
57
38
23
54
46
46
43
50
52
30
56
47
46
50
21
46
44
58
43
49
52
55
42
50
42
36
35
42
50
39
40
22
25
51
45
39
37
36
32
47
27
40
38
43
49
31
28
32
41
45
53
56
23
53
48
26
28
37
57
38
35
31
40
37
30
57
45
51
38
33
39
50
56
62
40
43
43
46
45
34
36
50
40
52
33
47
25
39
35
48
54
25
56
35
34
35
52
30
36
34
46
41
46
52
36
49
50
25
55
49
48
20
45
58
51
56
40
22
41
43
54
30
51
31
47
34
26
49
40
53
34
41
46
30
49
57
33
44
48
29
52
35
37
