40
36
45
56
27
26
20
26
56
48
43
50
37
47
53
36
32
48
51
49
59
53
48
51
48
50
20
13
38
31
50
51
54
47
49
30
41
24
51
28
47
46
35
27
48
41
50
49
29
51
42
42
55
50
44
54
52
52
49
48
55
28
49
39
34
40
40
26
54
54
46
34
31
49
52
34
33
30
29
37
39
51
49
38
52
50
39
49
48
43
49
46
36
51
35
34
44
48
51
50
51
47
27
39
54
49
51
50
41
34
31
27
56
25
49
49
40
35
45
22
39
35
49
54
29
52
45
52
28
51
46
32
46
30
35
49
34
50
55
36
33
31
41
51
47
26
26
39
27
40
47
36
50
34
48
13
49
51
36
34
27
36
55
55
29
32
48
40
42
21
18
52
49
48
29
35
53
45
30
42
32
50
19
50
23
22
51
36
30
46
48
55
38
56
50
28
49
43
29
46
53
26
28
48
51
53
50
51
23
50
30
20
53
29
54
45
46
54
54
44
36
23
44
35
49
49
51
49
29
34
32
53
29
51
51
25
36
38
38
51
23
50
40
31
20
47
65
50
51
51
44
41
54
48
48
46
50
34
39
35
29
31
36
45
29
32
26
50
36
22
35
27
55
50
51
41
51
30
53
32
38
45
32
46
39
35
50
48
47
41
48
32
46
28
50
50
45
51
40
52
41
49
40
33
41
48
50
55
27
51
52
33
43
47
49
51
32
55
48
34
36
52
53
49
49
48
51
50
49
48
54
49
33
47
34
37
49
17
29
52
36
14
48
36
52
51
37
43
54
31
46
53
32
19
51
47
51
31
53
35
57
26
36
35
33
30
46
28
51
44
41
54
46
52
27
49
45
49
47
52
30
52
55
46
48
41
41
53
49
50
29
29
38
37
31
33
27
32
45
36
35
54
47
43
51
56
34
47
50
23
31
29
37
48
32
29
48
26
43
34
39
50
51
37
49
49
48
14
32
49
50
33
50
51
29
43
34
42
41
50
52
28
35
31
54
54
27
34
49
46
30
50
50
26
49
42
33
57
51
53
23
30
52
39
31
20
52
48
47
48
47
45
55
52
30
43
49
49
30
51
42
56
33
51
50
45
41
34
34
53
27
51
49
53
48
26
48
51
50
51
30
35
47
47
50
50
50
51
47
52
36
39
37
46
49
46
44
51
51
23
15
54
25
39
22
38
50
20
36
49
17
29
52
37
47
55
40
26
46
49
29
47
43
32
46
45
49
34
56
29
32
36
48
36
50
26
34
18
41
47
18
54
54
26
48
32
35
45
46
46
48
43
28
53
23
37
52
47
35
35
54
47
19
25
34
28
50
53
31
40
21
47
39
49
51
50
26
53
38
32
41
48
44
31
50
28
34
52
52
52
49
43
49
39
52
48
53
49
47
32
57
53
53
45
30
53
52
50
50
54
28
50
46
34
50
54
51
53
24
31
39
28
55
44
36
51
53
14
31
46
40
25
26
25
50
42
48
50
11
39
33
46
50
25
47
25
49
43
51
21
27
29
30
40
47
37
51
47
58
28
25
23
53
49
35
26
52
48
49
47
54
51
26
46
35
37
46
36
33
39
30
36
37
45
21
51
28
51
50
26
28
23
52
25
53
49
39
30
46
47
25
42
40
51
48
37
22
23
29
52
27
49
47
49
27
48
46
47
33
26
29
50
49
33
26
51
29
26
28
50
32
48
23
36
30
48
44
52
54
51
33
53
50
40
48
42
20
41
45
52
42
32
33
51
24
32
20
54
57
47
27
42
47
48
49
37
25
28
31
55
53
48
48
48
34
51
49
49
57
54
29
47
32
55
34
40
51
52
50
48
48
33
36
17
30
18
29
49
48
47
37
32
49
35
48
27
10
32
30
32
51
18
49
42
48
49
49
46
49
50
28
31
48
37
34
47
35
14
45
30
52
50
35
46
39
53
51
53
53
28
31
25
55
32
26
47
33
23
27
35
51
15
30
48
45
44
51
49
46
50
39
52
34
46
44
28
48
33
51
21
32
34
46
28
50
29
55
34
33
22
44
49
45
34
37
44
28
30
38
47
50
53
31
51
41
48
51
27
50
32
38
50
51
42
38
35
18
38
48
49
38
57
53
46
51
50
46
21
33
51
47
44
33
30
30
16
39
52
42
33
33
42
38
28
47
34
49
34
45
40
26
51
46
31
37
48
43
52
39
20
33
25
49
45
46
51
32
22
46
54
53
22
47
45
49
20
42
50
52
43
44
38
53
47
31
48
27
39
37
38
