16
54
35
24
42
49
47
47
53
47
39
51
33
49
11
55
42
57
53
34
45
47
51
33
50
54
50
38
51
25
48
52
45
53
28
37
46
49
33
59
31
27
34
23
54
43
31
44
41
52
52
56
52
33
41
46
46
29
48
51
53
25
34
35
54
51
59
47
19
49
52
28
50
27
52
30
53
42
31
50
50
35
55
52
50
33
51
50
17
51
52
39
49
47
25
37
17
47
34
53
51
49
26
42
49
43
40
53
37
46
23
49
26
22
32
48
43
47
32
41
26
26
25
52
52
45
46
51
22
33
50
30
54
40
40
36
59
53
25
35
41
46
50
41
34
25
52
28
52
33
40
50
46
36
21
35
46
56
48
25
36
42
42
37
50
51
55
48
34
20
43
50
50
34
52
52
49
51
52
38
40
34
48
45
44
27
44
47
51
57
39
52
49
50
46
49
44
31
49
47
28
23
16
52
52
52
30
47
21
52
50
46
29
53
31
48
32
48
51
32
51
42
35
51
50
43
54
43
23
29
32
52
45
30
34
50
36
38
44
34
51
44
36
47
46
46
37
35
19
35
30
20
46
48
54
48
52
34
36
39
52
50
32
48
27
46
48
47
28
46
50
52
43
57
20
43
34
56
52
52
23
26
37
49
46
26
38
51
31
28
26
52
28
51
52
53
54
48
39
25
31
20
36
54
37
28
27
28
49
49
51
50
50
28
40
37
50
49
49
53
50
49
53
51
32
42
52
42
51
46
51
49
35
35
50
30
48
50
26
49
48
48
32
36
48
38
50
49
21
48
54
46
41
25
21
48
38
30
56
52
46
26
30
30
26
30
47
45
31
49
31
37
24
41
49
52
49
50
35
45
54
47
34
30
36
18
48
17
30
49
28
36
24
47
53
54
29
44
42
30
34
51
53
51
48
46
30
31
44
39
43
45
53
27
57
51
48
44
23
52
30
49
40
31
53
17
29
48
36
26
30
50
48
26
42
27
52
40
42
53
49
32
17
60
54
46
50
46
51
53
49
36
53
32
33
28
30
51
48
53
54
19
45
20
44
51
52
35
47
37
51
44
29
27
29
46
36
49
45
50
49
39
39
48
36
44
43
49
40
40
50
45
44
39
22
45
50
53
52
25
48
44
20
34
37
38
41
51
51
27
50
51
49
35
26
46
44
46
20
50
45
50
51
49
29
46
46
43
30
51
49
27
46
42
49
53
47
53
33
45
23
50
50
51
50
49
52
50
41
49
54
23
43
54
53
31
36
19
47
30
46
28
48
54
48
48
29
49
48
50
53
30
54
55
48
41
34
52
28
50
49
34
31
31
53
25
49
32
47
30
56
49
39
34
42
43
26
46
19
52
35
51
49
13
55
16
51
53
52
52
35
36
21
30
36
32
54
36
36
49
48
15
21
51
29
49
22
37
40
48
47
38
52
45
48
22
50
52
44
27
53
41
30
47
49
36
45
52
49
31
40
50
34
44
54
22
49
33
33
43
34
50
17
47
24
50
40
38
50
27
48
48
34
50
28
41
52
52
54
28
51
25
50
40
41
39
54
38
36
43
36
19
50
51
51
38
40
44
34
43
31
38
54
47
50
52
48
26
41
48
55
48
47
25
52
50
48
20
43
50
39
50
40
50
50
32
31
34
52
33
34
26
37
51
43
23
49
28
17
41
51
44
19
51
30
46
30
34
37
51
50
24
23
26
30
30
46
48
32
48
48
33
50
50
49
53
38
54
22
44
53
47
47
49
47
51
47
52
51
41
19
36
40
55
52
52
53
50
47
35
53
47
36
53
25
26
43
54
57
59
41
51
30
37
24
46
31
54
54
32
51
51
33
50
49
49
31
20
45
49
48
49
25
40
34
35
38
53
39
16
56
52
48
43
53
42
19
53
51
47
39
30
53
48
22
53
53
29
50
34
39
39
19
55
36
44
41
47
43
51
49
51
54
38
51
50
52
28
47
30
46
41
51
35
53
24
53
26
25
51
48
25
45
50
52
46
33
38
40
51
43
55
21
41
31
40
50
55
53
29
38
51
36
35
46
20
21
25
36
51
39
44
34
51
31
50
35
32
35
32
36
40
56
49
54
56
32
38
36
27
49
50
51
49
50
47
44
55
27
49
51
32
51
34
25
49
38
49
53
53
49
54
31
33
34
35
48
23
23
54
31
24
50
25
15
26
39
47
30
48
53
36
29
38
34
26
45
46
46
45
28
47
46
45
28
48
52
50
23
55
27
30
29
57
53
52
46
53
35
46
