34
48
48
44
49
31
53
43
31
49
49
48
38
54
29
31
50
50
44
48
49
48
28
45
17
45
37
32
28
48
27
55
51
52
52
52
52
49
37
48
52
53
30
32
27
33
55
44
33
37
29
36
26
45
37
48
51
56
47
44
39
47
50
34
31
49
47
38
48
32
49
52
50
50
49
47
53
39
36
55
43
49
27
26
41
36
47
17
36
53
56
50
39
48
49
51
49
37
36
25
52
52
51
45
49
44
32
28
43
45
47
49
48
53
38
50
53
32
32
37
42
45
30
41
43
52
22
50
38
23
51
27
49
52
49
51
49
32
35
57
27
52
43
54
30
45
55
51
54
28
50
41
39
51
47
29
34
43
30
49
38
40
50
49
24
39
46
36
23
42
26
38
49
37
52
49
50
51
36
47
47
47
37
26
47
49
50
29
51
30
43
36
35
58
50
51
32
49
30
51
16
22
49
29
47
46
27
52
47
41
51
27
33
28
34
53
53
29
22
56
51
48
50
24
32
47
46
33
56
55
40
34
37
51
48
48
48
31
50
55
47
32
27
28
51
27
36
38
53
51
50
46
47
47
52
48
46
49
45
31
24
41
46
49
39
43
38
24
26
48
55
49
44
52
51
54
41
45
51
52
48
36
55
43
34
48
48
54
48
39
22
54
47
52
39
45
30
48
48
32
26
49
39
42
41
54
46
46
47
31
25
27
40
33
45
49
44
51
42
39
50
29
43
44
52
51
22
53
26
50
51
49
34
43
28
41
40
51
52
51
47
52
37
55
50
47
51
54
37
43
56
49
51
25
47
48
52
42
46
53
31
51
47
51
29
32
33
54
48
28
51
26
46
49
52
53
52
49
38
37
33
51
55
51
50
33
32
39
55
54
47
52
52
56
48
43
26
50
33
39
47
47
51
54
21
49
48
49
21
50
29
43
49
30
53
50
47
27
37
31
47
49
32
28
24
30
49
51
55
39
53
28
49
23
38
47
50
28
35
49
44
57
37
36
35
32
47
22
51
32
31
48
52
48
33
38
52
52
33
49
16
54
46
28
49
51
31
40
51
48
47
50
50
26
54
23
45
52
50
50
17
51
39
46
50
44
52
54
32
51
27
23
24
50
36
45
33
50
37
29
37
47
50
50
49
48
46
50
50
31
28
38
50
52
54
28
27
54
46
47
34
34
45
46
25
50
29
37
19
48
46
30
36
53
48
28
21
53
38
51
51
32
58
29
54
51
39
52
47
32
35
14
28
40
52
46
32
34
34
48
44
28
53
29
48
50
22
53
55
49
28
50
27
38
41
56
26
39
26
49
33
52
53
14
33
56
50
35
51
51
52
37
24
33
51
52
53
23
27
54
51
36
51
41
57
53
53
37
48
26
51
37
35
48
38
36
35
34
51
23
53
36
51
23
46
45
50
34
39
52
20
53
46
51
49
50
51
54
39
49
52
30
50
38
46
52
19
41
47
51
46
51
56
55
47
52
46
47
53
51
39
46
20
51
50
55
53
49
36
48
41
38
27
31
44
36
50
34
35
48
24
37
51
48
46
39
39
46
52
48
39
37
31
49
50
44
49
50
24
50
50
24
31
48
42
49
50
49
34
46
52
53
40
30
49
49
52
42
25
47
47
34
47
41
18
42
49
50
27
50
22
51
52
34
39
45
49
53
53
49
45
38
48
50
41
43
23
53
36
51
49
51
23
28
38
41
51
49
45
55
21
23
52
38
51
34
34
52
31
47
36
35
46
48
40
46
41
41
50
49
48
31
52
22
52
50
39
51
51
52
36
49
53
38
51
50
50
54
47
55
38
47
46
44
29
39
51
49
47
51
51
49
18
34
35
52
32
53
51
36
29
50
40
46
49
49
37
39
37
52
51
36
49
29
15
50
50
47
46
32
37
49
35
49
48
47
51
33
48
52
27
55
41
37
55
28
46
21
47
26
25
48
51
55
24
47
48
41
49
36
26
51
26
44
51
41
50
39
21
50
48
51
39
47
31
51
46
40
53
45
48
51
52
33
41
42
23
51
38
30
50
46
49
57
56
49
23
37
48
51
37
48
45
43
48
50
52
52
51
45
51
51
52
50
32
51
25
45
16
56
56
40
50
54
50
44
42
53
53
47
49
32
35
26
28
22
35
35
53
25
23
41
49
57
31
49
31
29
47
23
49
40
26
36
52
29
49
48
49
38
46
54
38
30
35
51
33
37
44
56
28
52
41
37
47
48
39
50
52
22
42
47
46
51
25
52
55
40
48
33
