47
53
51
56
44
23
56
27
47
29
39
52
47
44
44
26
43
49
45
40
32
53
37
38
51
29
27
29
42
45
43
46
45
62
60
41
29
37
30
60
45
48
48
32
53
57
36
41
51
37
43
33
48
49
39
28
46
33
29
33
46
51
47
30
44
30
27
32
29
35
29
33
51
54
28
51
54
61
47
37
31
33
50
54
30
30
35
50
45
28
38
42
31
44
33
51
46
33
42
42
51
61
32
36
32
43
51
37
58
30
33
40
41
60
49
28
26
52
24
48
35
27
26
39
34
25
34
55
28
51
33
32
48
50
57
33
47
52
46
30
42
29
29
43
33
47
46
37
52
47
52
47
32
31
33
55
42
50
54
30
23
56
51
51
47
34
54
38
56
39
51
32
35
52
47
29
37
32
50
47
40
42
41
57
46
30
43
38
45
37
34
48
28
33
60
32
32
61
22
32
29
36
40
56
61
37
54
33
55
30
29
48
28
52
38
47
42
44
30
49
40
31
50
40
52
50
34
32
31
34
50
23
49
41
34
27
38
51
38
44
32
53
51
32
30
39
34
44
38
37
54
48
53
44
34
49
40
30
31
55
48
63
45
59
49
39
39
53
58
31
49
53
50
37
49
59
37
39
26
32
56
40
31
29
32
44
52
46
56
43
47
45
37
29
46
33
30
35
30
46
53
40
44
45
47
29
40
33
35
32
38
35
56
55
55
56
31
39
34
55
41
43
28
21
51
49
55
34
33
30
48
33
48
42
34
34
45
47
42
35
43
32
27
54
46
28
37
48
57
28
61
49
28
46
38
46
39
53
49
31
60
50
51
52
34
34
53
42
47
43
52
36
53
48
44
47
46
53
38
50
54
46
34
33
40
31
45
45
61
56
48
28
57
49
44
36
59
43
46
46
32
22
49
46
42
55
47
31
51
46
42
46
50
33
24
33
47
51
50
48
40
46
59
33
55
51
33
47
32
26
53
33
32
50
49
31
54
36
45
54
47
47
46
33
28
33
41
45
45
34
35
50
45
51
44
57
33
56
32
58
51
54
40
31
49
24
46
32
39
38
39
59
25
53
48
47
53
40
53
35
30
42
52
56
44
33
35
29
53
52
32
27
56
30
31
51
40
39
38
35
33
37
53
27
49
32
45
30
27
25
33
38
26
33
39
47
34
31
52
44
49
46
56
36
37
29
51
32
25
50
45
51
48
31
57
33
42
61
28
44
32
32
40
37
40
49
29
50
55
43
46
34
49
51
31
58
59
55
32
42
30
31
30
43
28
29
48
46
35
27
32
27
44
39
32
46
51
47
27
33
30
29
35
52
54
27
34
31
33
30
47
35
42
53
44
52
39
32
58
32
42
32
49
34
37
48
46
45
59
36
29
49
51
42
39
49
56
37
34
39
45
48
49
49
44
51
54
50
29
53
34
29
60
55
54
46
54
25
51
54
56
35
48
40
52
33
36
44
48
44
54
29
54
41
37
34
28
52
30
50
48
42
36
26
53
50
49
53
36
57
53
40
59
46
48
36
50
33
39
57
58
24
49
28
50
30
52
46
35
50
36
38
48
54
34
52
35
34
36
32
60
51
48
59
33
39
51
30
35
34
52
50
50
40
28
26
48
49
31
56
54
34
33
40
39
54
30
48
45
54
56
52
47
53
57
42
35
36
47
35
35
51
42
54
31
46
23
38
29
28
28
49
36
38
30
24
55
46
38
58
54
32
52
54
52
54
58
53
46
34
33
42
43
47
36
44
21
50
36
44
55
51
39
42
35
29
31
41
33
58
47
48
50
49
44
27
24
54
28
52
34
52
23
29
28
40
56
56
37
59
44
49
26
50
34
49
45
45
27
20
34
50
37
40
38
28
55
37
54
40
27
49
53
38
34
47
43
52
22
39
30
23
46
32
31
56
52
52
28
29
37
36
61
40
35
23
41
32
37
52
52
33
38
34
43
29
47
29
32
36
49
41
36
31
27
53
36
46
51
30
56
43
54
51
31
35
35
53
53
27
44
50
54
52
58
33
48
42
47
50
56
47
43
37
36
36
33
30
38
37
33
54
48
34
33
25
52
32
25
43
25
37
43
45
63
32
32
36
52
51
34
48
56
26
33
32
45
45
30
49
23
38
29
39
23
25
37
31
49
28
24
38
47
30
50
34
51
44
47
34
52
47
54
51
34
33
31
40
38
49
42
23
47
32
56
50
46
47
50
27
36
49
27
37
51
47
42
32
30
48
46
47
43
26
55
34
42
51
54
32
