44
52
34
33
35
43
36
29
51
43
29
50
50
38
35
39
32
25
51
46
51
52
51
40
51
45
46
38
53
38
49
35
46
28
33
50
40
39
45
30
52
61
46
52
33
28
31
56
49
34
51
48
46
50
37
28
30
33
49
36
29
33
40
50
25
32
54
53
44
28
27
49
64
26
37
51
42
51
55
32
56
43
50
34
52
31
49
41
49
33
59
35
51
52
51
46
48
32
52
40
49
55
48
32
28
28
55
39
22
44
37
37
41
28
53
50
33
34
49
44
51
32
54
54
46
54
36
53
53
56
46
38
47
45
49
28
49
52
36
59
37
24
37
55
43
28
37
43
24
44
59
35
43
43
30
49
36
31
25
31
39
51
38
45
32
47
44
47
49
58
32
51
46
28
54
30
49
36
44
33
41
39
54
49
52
41
28
26
34
29
52
27
37
43
33
57
27
49
54
44
49
39
59
58
36
58
32
38
36
34
34
34
48
46
30
49
33
52
37
47
47
37
30
50
42
34
31
24
33
36
30
46
46
42
50
50
58
28
40
47
36
47
46
51
55
47
47
59
35
48
49
28
53
56
54
49
41
37
30
39
24
21
49
37
29
54
55
50
33
56
56
52
34
24
31
50
28
55
46
27
37
51
47
43
47
52
50
48
24
47
51
49
46
35
31
43
57
39
49
48
29
58
50
31
28
42
30
27
38
29
47
53
33
34
28
30
51
35
50
37
59
53
44
30
48
47
33
49
59
58
47
52
52
38
52
25
42
51
34
29
47
27
24
53
52
31
50
53
42
55
55
48
54
29
47
47
48
35
44
48
50
49
49
47
46
52
35
32
27
40
35
47
42
28
52
57
36
35
33
58
51
51
36
32
53
42
49
21
45
35
55
54
54
40
36
44
45
26
51
52
41
50
45
28
40
58
50
55
55
51
29
34
38
37
49
49
46
37
27
20
54
37
38
46
31
41
58
54
55
40
53
26
37
38
32
54
36
33
64
50
54
39
35
52
30
31
50
28
32
33
52
55
43
27
47
34
40
28
48
58
33
44
40
36
47
29
48
33
38
44
35
30
41
37
39
32
47
44
54
34
39
34
37
34
56
33
27
33
55
32
56
37
32
38
34
56
35
50
50
49
26
50
37
52
47
24
47
50
34
32
40
34
58
36
28
51
38
57
43
50
59
46
54
49
55
59
31
39
28
43
41
45
42
43
29
52
32
31
49
47
41
33
32
42
38
46
28
34
38
31
48
24
51
48
34
30
36
51
59
25
48
38
36
56
44
41
34
38
27
34
29
45
40
38
29
33
28
39
38
45
42
37
45
39
33
52
33
44
30
50
55
52
33
33
22
31
37
35
31
49
50
50
54
32
46
27
57
47
46
45
49
48
47
51
37
53
32
29
33
30
48
53
44
31
38
33
29
33
51
29
34
52
50
38
43
47
50
34
29
33
33
45
44
49
35
52
54
40
36
52
39
58
37
30
41
49
59
53
33
35
42
37
49
35
34
51
56
53
31
36
53
20
32
42
54
52
52
54
26
46
39
33
36
54
36
51
30
40
52
54
30
55
52
38
38
36
55
35
37
45
59
36
37
33
34
34
44
47
42
49
30
32
27
29
43
46
31
46
33
39
38
35
28
34
44
32
47
35
50
53
33
29
41
48
47
54
30
35
53
48
46
55
53
29
29
38
37
47
56
30
51
59
55
47
33
32
33
31
53
49
43
35
34
26
25
33
40
46
57
32
31
56
50
53
39
34
31
58
52
39
29
50
50
51
32
30
44
56
43
35
45
52
55
48
32
54
32
43
33
48
23
29
27
50
28
54
55
35
29
33
37
46
49
35
47
29
54
47
44
60
36
37
37
53
67
52
37
53
45
34
58
41
42
53
51
40
48
36
35
45
35
51
27
34
58
50
16
52
45
24
26
42
30
29
33
52
34
49
43
45
59
56
36
57
34
32
54
48
31
39
29
40
41
43
34
50
42
43
58
52
34
47
53
35
26
52
33
30
45
29
30
32
45
33
43
46
33
55
37
46
34
42
57
29
36
50
52
53
38
32
48
36
59
35
45
35
48
36
49
53
33
49
50
36
27
39
53
45
43
35
31
39
59
49
40
47
40
26
51
48
28
31
33
43
36
33
44
59
58
48
57
36
34
50
32
44
35
33
37
52
44
33
35
60
36
26
48
30
58
30
57
41
53
56
27
30
42
60
32
44
50
33
42
56
53
53
52
49
37
25
64
32
49
37
30
44
35
31
40
50
