54
27
31
36
31
46
25
43
53
26
54
52
41
47
45
47
46
38
49
44
45
50
32
36
49
33
45
44
36
56
55
48
38
32
39
45
40
29
44
33
40
29
36
38
48
35
45
46
52
48
32
45
52
49
46
31
48
56
50
42
47
38
31
54
37
51
31
53
31
32
50
33
42
30
26
27
43
28
51
46
44
48
67
53
53
56
27
33
51
30
31
50
42
40
64
53
55
35
35
41
40
39
53
31
52
42
50
38
44
46
24
42
33
39
48
41
36
47
44
31
23
35
30
30
37
39
32
35
48
30
45
31
40
34
55
49
14
31
36
51
26
36
44
43
44
37
32
25
46
31
42
42
49
36
50
59
50
51
50
42
36
45
46
30
37
47
43
42
35
52
39
32
52
45
50
49
29
59
50
44
35
30
33
28
51
50
50
51
46
32
52
42
37
42
31
51
27
47
32
36
53
33
33
35
31
52
37
29
28
53
40
50
45
43
36
43
51
51
38
32
45
46
33
57
48
28
42
45
47
49
45
32
60
36
37
31
31
59
51
36
55
33
35
35
38
33
33
41
46
31
53
56
53
59
34
44
26
36
56
51
29
31
29
35
36
51
48
37
32
31
26
55
53
31
49
47
36
53
41
43
56
38
49
47
33
43
47
28
47
53
25
52
50
47
50
37
53
56
22
47
57
36
45
37
54
52
55
55
59
37
39
40
45
34
43
36
32
32
55
50
55
51
32
22
53
29
36
40
48
34
35
57
58
41
59
38
29
52
25
28
40
43
35
52
25
38
49
36
30
27
52
41
37
34
52
42
30
51
43
51
43
46
23
41
55
38
32
46
44
48
26
34
34
51
45
60
28
47
50
37
51
52
31
31
27
35
37
52
32
29
54
49
44
55
34
34
33
42
34
32
62
35
49
51
52
41
50
33
59
32
42
50
49
44
59
28
35
25
58
42
57
59
35
32
33
49
48
35
40
50
30
35
31
27
52
38
43
35
28
43
55
59
57
44
34
35
52
34
48
25
47
28
30
46
34
55
46
39
51
26
25
34
32
36
29
45
37
31
39
32
46
49
57
37
49
22
54
50
36
58
49
50
50
52
47
40
36
49
53
53
26
28
56
40
56
50
44
44
31
21
48
38
34
57
41
53
38
49
34
51
42
51
54
45
49
55
60
32
36
30
30
30
47
53
54
30
53
30
47
26
54
55
52
51
45
49
39
58
31
55
49
36
43
55
47
50
42
49
52
26
31
51
48
48
53
49
47
26
34
33
31
37
54
37
56
29
52
34
45
42
27
26
51
28
57
50
52
33
53
36
45
57
56
32
49
34
52
55
50
31
43
34
27
32
49
34
44
46
49
45
43
46
52
30
54
34
51
48
57
30
44
51
30
37
49
56
32
31
37
27
51
44
43
51
55
35
51
27
37
48
59
49
36
28
56
36
47
29
40
27
51
51
29
32
51
35
36
30
49
50
38
26
53
56
57
51
41
48
32
34
43
40
44
33
30
42
41
30
56
52
38
33
30
52
43
42
35
40
37
51
39
52
46
44
33
29
38
50
49
27
43
50
31
38
50
49
39
40
32
48
42
32
43
50
53
60
52
34
33
33
47
50
54
44
49
29
30
43
34
30
47
55
52
47
46
47
34
35
52
46
46
47
37
47
52
55
37
55
47
32
50
28
49
58
40
33
26
57
50
30
24
51
33
53
41
60
35
49
56
33
44
48
55
28
49
40
41
49
39
33
35
56
47
40
36
32
35
60
29
36
27
36
33
28
33
31
29
51
59
37
58
24
54
49
49
57
40
27
50
41
44
30
27
35
40
51
31
55
36
50
42
33
30
46
32
39
32
45
35
50
40
39
37
59
39
48
44
54
35
47
29
50
33
50
57
30
33
32
39
52
49
52
39
31
49
34
27
25
46
34
54
27
55
48
41
33
57
32
51
31
30
54
38
38
50
34
59
45
63
50
54
32
42
28
55
27
47
30
36
25
33
54
48
48
46
50
29
47
38
25
38
34
55
36
31
33
54
46
28
24
50
34
32
53
49
49
43
26
39
53
35
52
53
54
55
38
33
32
42
21
47
32
56
37
46
32
28
37
36
59
45
46
33
48
47
48
31
49
33
44
51
51
49
40
46
57
32
28
36
32
44
55
29
54
25
45
31
26
40
53
57
50
51
61
31
42
32
53
36
31
34
51
41
60
59
49
35
37
47
38
45
50
38
49
52
31
35
48
49
46
52
27
24
34
33
37
28
38
52
39
