29
48
60
49
31
33
50
26
32
33
32
38
47
34
26
35
62
54
39
37
29
44
40
44
49
42
34
42
51
43
29
47
34
51
45
36
31
50
30
28
34
48
50
48
30
57
48
48
31
27
33
28
48
35
35
48
38
33
38
30
49
50
46
38
38
41
48
47
48
35
33
48
57
45
42
43
59
59
56
36
48
52
57
48
38
34
36
27
36
46
35
36
25
35
33
54
48
38
49
53
60
42
47
44
33
32
31
31
27
41
25
29
34
51
49
37
33
25
37
49
47
52
31
54
40
37
36
24
51
37
47
42
36
39
56
35
55
54
27
35
49
37
51
50
41
50
52
34
30
31
54
44
41
58
37
50
52
37
52
35
31
58
44
46
26
43
51
40
31
50
51
29
49
32
39
36
45
51
54
47
41
40
49
50
31
52
32
39
29
51
23
30
38
53
53
59
29
52
33
43
52
31
28
32
47
39
35
39
24
51
47
49
39
28
55
49
59
37
26
50
39
50
44
37
36
29
33
30
47
38
39
27
31
41
48
36
56
48
37
48
48
49
32
37
53
33
29
53
53
22
39
55
29
61
47
30
45
51
28
31
29
32
56
37
55
33
47
39
50
45
51
42
54
49
25
51
57
53
31
38
33
53
47
27
34
44
52
24
33
43
46
49
40
60
29
35
52
53
54
50
55
47
37
57
38
36
36
59
31
50
27
37
56
37
32
54
38
43
52
30
37
55
35
31
51
55
50
45
37
49
30
48
31
44
32
45
34
42
37
46
37
43
37
52
26
52
25
36
52
27
53
51
31
54
60
24
30
50
39
42
40
55
36
56
46
34
33
44
43
39
45
35
36
44
27
49
48
29
54
50
47
63
45
42
52
53
53
57
48
48
28
41
46
52
33
36
52
28
54
37
36
40
37
30
37
48
51
52
31
24
57
28
22
55
43
48
48
53
48
35
34
28
31
45
44
37
41
53
39
47
50
46
58
51
45
55
50
56
48
34
35
38
35
35
36
38
45
52
50
57
37
48
61
55
28
53
38
58
32
53
58
51
48
50
23
35
33
49
49
49
53
55
30
35
40
36
28
30
24
52
30
54
26
48
27
49
37
37
52
45
55
35
25
55
52
50
28
55
56
46
39
27
48
46
55
32
28
41
36
33
55
44
51
44
42
27
51
35
53
33
31
54
24
46
55
56
30
51
41
41
54
54
55
43
47
27
49
32
31
33
35
52
52
27
33
54
33
45
47
51
31
45
40
34
28
39
40
36
32
53
27
44
36
35
40
52
29
55
55
31
19
49
24
36
34
21
50
46
53
34
41
33
50
43
38
48
51
22
55
53
47
44
42
35
61
51
58
37
48
35
54
27
35
50
58
37
41
35
28
51
29
49
62
41
35
38
58
36
45
52
53
40
22
33
50
38
37
33
31
52
43
34
56
36
49
49
32
36
61
41
55
60
46
51
31
52
36
52
53
29
51
49
25
30
37
44
32
34
45
34
29
36
34
36
25
55
50
34
51
51
48
48
50
46
51
26
31
42
39
40
46
54
54
33
51
48
53
38
35
27
51
45
45
26
57
31
56
49
47
56
52
54
47
40
57
36
39
50
54
50
39
29
50
52
53
45
50
30
34
28
41
46
37
48
55
49
32
32
29
34
54
47
49
30
47
47
23
30
51
30
36
51
49
26
30
53
51
30
32
34
34
30
58
34
51
49
55
29
35
53
51
26
48
50
32
44
41
34
48
47
38
52
48
32
49
32
28
44
53
34
37
35
28
47
47
51
29
49
55
32
39
54
55
38
56
49
49
59
24
56
35
41
57
34
26
38
44
25
51
36
30
37
30
33
38
54
38
48
57
57
35
35
46
55
30
50
49
46
46
50
44
45
40
34
30
30
29
34
47
55
46
43
33
39
30
53
39
46
46
34
36
58
26
53
48
54
44
47
39
34
37
29
49
44
51
33
51
38
52
53
37
52
49
45
55
30
50
44
34
48
29
39
43
29
31
42
51
48
52
50
33
50
31
35
50
35
55
55
50
31
34
49
35
31
28
36
44
48
37
56
42
25
47
34
55
30
42
49
52
58
37
37
28
47
36
47
45
49
56
32
59
33
43
36
37
40
23
55
51
46
57
36
47
32
51
56
37
45
26
30
55
37
33
35
50
35
44
50
51
29
36
49
31
40
49
35
43
51
29
36
38
49
21
49
36
27
35
33
45
57
31
33
35
28
30
34
55
48
46
40
39
22
55
53
50
40
35
32
55
28
