40
41
60
27
51
30
48
31
34
43
30
33
21
61
43
32
44
48
51
55
53
47
41
73
43
70
50
24
33
33
63
59
25
37
32
32
36
33
40
61
38
34
52
28
57
51
30
36
30
26
36
37
37
36
33
47
38
42
60
57
36
37
37
70
58
36
57
48
23
27
27
42
61
60
32
29
56
47
55
33
51
61
34
35
32
25
25
63
35
23
45
34
38
46
48
31
34
34
30
60
37
34
34
48
53
36
44
57
44
49
64
34
41
28
29
37
50
59
43
31
28
31
39
37
23
55
38
38
30
48
38
46
29
33
44
72
32
34
51
37
28
41
52
60
32
66
43
31
31
78
50
38
54
51
60
35
41
32
48
41
50
44
33
32
36
36
31
31
36
48
62
48
29
39
44
54
58
44
38
62
50
29
37
30
68
37
26
33
58
67
59
25
31
48
40
30
51
73
68
49
47
58
26
62
59
31
32
39
44
36
51
27
53
33
45
32
46
53
58
53
32
27
31
63
33
35
40
53
67
36
31
37
48
41
28
33
36
46
42
43
27
31
36
48
41
47
27
34
58
41
51
36
51
50
50
31
30
53
55
53
30
54
32
47
41
34
34
54
32
48
49
54
53
70
42
32
59
54
38
37
34
57
30
63
30
34
29
56
85
36
29
39
34
41
48
40
32
57
45
28
28
28
50
52
56
62
58
47
39
46
76
42
67
32
34
37
60
66
35
61
34
33
54
64
27
78
34
54
55
53
40
34
36
32
27
30
41
58
53
34
32
49
36
50
28
38
56
34
48
35
46
54
51
33
59
37
30
69
39
64
52
46
33
34
36
52
62
38
30
50
33
39
57
23
33
43
38
36
31
37
50
33
37
60
39
53
32
67
42
48
55
27
64
68
51
32
31
30
41
45
65
54
40
38
45
34
38
53
52
37
30
35
36
53
31
52
60
32
62
40
38
49
37
57
49
38
60
48
37
53
27
30
61
54
33
63
53
34
52
43
43
29
34
51
29
30
27
51
33
52
37
50
43
27
50
48
29
31
28
66
39
32
47
45
51
49
35
34
40
57
46
28
52
40
49
33
45
29
35
52
70
40
27
28
32
36
54
36
51
34
63
26
38
37
48
39
51
46
31
43
56
31
36
28
40
39
35
36
54
30
41
58
41
44
36
42
34
34
46
34
61
33
41
30
38
33
66
64
33
32
29
54
30
64
50
33
56
39
36
22
24
27
29
46
36
24
52
37
24
30
39
54
66
60
29
35
31
40
34
39
41
33
36
39
32
28
33
49
50
35
48
61
59
55
33
57
34
32
30
41
36
35
30
65
49
43
38
46
35
32
35
31
42
37
49
42
51
33
42
30
42
26
34
32
45
63
56
44
50
49
56
42
28
54
27
37
20
35
52
26
38
39
34
52
36
44
29
37
26
45
29
32
39
35
38
39
34
37
40
57
27
34
41
55
19
35
22
30
51
34
36
52
53
38
37
34
35
36
47
50
52
43
45
54
58
34
41
38
63
51
36
62
37
29
42
40
34
60
59
51
65
63
52
38
54
55
33
31
44
61
35
42
62
36
34
50
49
58
52
31
70
40
55
33
64
55
25
31
44
28
29
35
51
53
30
36
64
47
46
29
54
47
46
22
55
46
32
31
63
38
38
36
22
46
27
29
62
39
57
40
27
33
30
47
51
33
40
49
29
47
46
71
36
47
28
33
41
34
35
30
53
32
55
33
40
28
32
37
41
49
39
26
41
38
31
79
28
30
61
45
31
51
57
43
31
55
58
31
59
29
35
30
66
28
58
30
57
38
35
28
44
26
53
57
40
44
47
33
48
48
35
25
31
50
36
38
28
34
40
33
39
37
55
34
33
54
45
37
56
38
40
31
51
48
41
34
41
28
29
39
43
27
56
45
36
46
33
59
40
26
46
54
31
35
65
37
40
34
56
43
34
50
50
65
58
26
43
25
56
36
29
63
26
29
29
32
40
37
33
36
35
46
35
44
43
35
48
28
55
29
54
47
35
29
46
48
59
35
52
41
27
35
46
31
37
42
31
36
39
42
35
66
27
46
49
46
30
38
64
68
40
44
57
36
22
47
35
60
57
57
42
52
32
55
55
34
30
35
42
33
36
55
19
28
40
35
27
31
31
29
31
41
31
28
61
34
29
46
31
43
51
43
65
47
39
36
53
32
43
28
29
38
28
41
40
48
35
77
47
39
46
48
51
32
30
42
33
67
42
38
36
33
39
58
59
26
44
53
30
32
