45
35
37
40
39
63
38
48
30
35
28
30
44
28
47
32
34
47
43
57
28
57
49
27
55
39
28
54
30
55
38
31
32
34
42
38
36
30
52
30
28
51
69
30
32
51
34
52
26
31
34
55
33
29
24
51
32
27
26
32
47
39
25
47
52
28
38
31
52
27
28
36
39
33
45
30
32
33
38
56
32
33
40
49
49
42
66
31
41
32
41
29
54
38
53
60
52
31
25
34
43
34
26
39
27
54
48
56
29
37
43
69
45
43
40
36
41
62
38
35
52
48
28
30
51
35
28
30
36
55
34
21
38
58
35
30
21
38
34
72
53
45
35
53
27
26
28
31
58
28
65
38
24
29
28
38
63
58
49
51
30
53
50
35
38
76
59
32
42
29
29
33
65
30
42
35
36
32
34
23
46
32
76
34
51
33
31
27
42
67
35
49
78
23
52
53
41
63
41
38
56
47
40
41
56
35
55
54
55
48
50
31
29
29
44
29
48
56
37
38
47
51
33
44
36
33
34
44
39
56
29
54
51
47
34
33
27
43
57
44
34
45
39
27
28
49
52
34
35
29
41
38
54
38
33
51
36
61
34
50
40
49
41
33
46
36
26
58
38
25
29
31
35
41
30
62
31
37
30
34
38
38
58
40
40
48
32
59
56
49
27
41
67
32
75
70
40
48
55
50
61
25
39
40
30
34
51
31
32
59
37
57
40
32
39
63
40
56
51
49
31
46
30
47
33
53
39
58
28
53
33
45
65
54
61
32
42
51
60
33
74
30
39
33
33
29
33
42
39
61
30
31
26
48
46
43
37
67
57
56
49
38
36
57
27
42
31
45
18
36
26
37
35
36
66
52
62
31
32
35
34
40
37
27
19
53
47
57
29
79
37
35
36
26
31
37
31
43
50
40
57
26
31
37
58
33
34
56
26
36
49
35
25
69
25
38
26
42
44
40
38
55
48
35
31
58
50
33
52
37
32
27
26
65
61
39
52
41
47
56
27
37
54
24
35
24
29
57
34
51
38
35
57
43
58
69
49
42
43
47
35
60
33
31
47
24
44
56
37
67
58
41
38
50
60
46
29
37
51
76
43
57
32
43
32
64
51
39
63
38
33
62
46
33
50
38
26
59
37
45
51
49
43
50
48
53
39
48
44
55
46
55
36
27
35
27
29
32
34
37
32
31
38
40
41
33
48
50
69
38
41
60
47
34
39
30
36
30
36
35
40
27
34
25
38
37
60
55
35
42
58
29
60
29
32
35
44
30
66
22
29
60
34
33
63
41
38
33
68
42
29
48
47
39
35
55
39
29
42
37
36
33
28
33
28
38
31
27
78
35
35
46
34
30
61
29
31
56
32
40
37
37
46
60
31
43
47
49
29
33
46
55
35
22
35
21
60
37
37
57
51
35
35
36
30
32
39
29
34
29
50
52
44
32
32
29
54
46
56
25
34
49
66
40
52
49
65
69
37
59
52
29
45
57
38
30
47
34
30
35
35
34
39
58
31
36
39
25
35
45
47
41
66
41
31
31
33
20
58
29
40
45
41
36
38
46
31
60
41
32
36
26
55
36
59
33
33
64
59
44
31
52
36
31
37
31
52
42
62
46
40
55
21
31
54
51
29
53
37
33
54
42
31
37
31
32
35
28
54
35
58
34
38
50
58
34
50
51
34
31
54
49
63
45
24
50
62
32
54
56
41
33
50
67
37
17
54
44
60
51
38
28
42
57
43
27
48
57
59
41
59
25
35
35
30
56
32
36
34
31
42
36
35
40
63
32
56
32
64
41
36
59
50
30
39
41
24
60
53
36
55
31
44
41
61
32
34
48
54
52
30
65
33
60
30
30
33
30
53
29
46
41
37
25
30
38
32
44
29
72
29
35
35
21
55
38
32
35
36
29
62
61
57
32
49
36
71
52
40
53
41
30
60
54
55
25
61
35
35
53
28
69
33
54
55
38
39
59
28
38
30
26
69
33
39
33
52
34
40
32
48
34
35
38
41
33
37
58
47
32
45
24
32
35
57
49
65
52
56
45
64
38
64
39
47
33
31
29
33
28
37
40
43
51
45
30
47
49
74
35
53
46
55
36
44
36
66
42
30
42
31
42
86
39
24
47
50
69
57
22
33
60
54
30
53
35
45
42
28
54
55
55
62
46
29
64
41
41
41
34
73
36
37
39
36
57
59
53
44
32
35
40
31
44
33
33
37
53
52
44
33
41
39
29
56
29
29
35
38
38
48
36
52
35
34
35
35
54
24
50
