31
37
57
53
42
31
27
49
43
26
26
29
35
37
46
20
30
30
44
28
42
35
44
35
28
66
34
58
34
64
32
29
29
61
53
66
40
66
40
55
30
33
41
31
48
65
72
39
29
71
53
35
56
30
34
47
56
44
38
66
42
57
25
34
31
43
34
30
36
74
61
48
51
63
26
34
42
34
43
28
66
30
48
42
31
36
56
49
36
49
62
50
50
52
33
39
55
62
37
30
31
56
40
49
27
37
37
37
39
30
21
52
50
45
39
52
29
61
38
54
42
62
58
29
41
30
41
27
35
71
26
30
53
28
31
27
35
53
33
32
25
30
57
36
44
44
55
43
55
35
64
56
35
67
56
63
35
34
50
67
53
42
50
47
39
38
56
28
44
47
55
36
46
77
36
26
40
47
33
47
31
30
56
41
67
31
43
57
42
55
42
42
51
33
29
31
37
35
35
62
23
27
67
48
28
35
56
27
33
62
28
42
32
41
41
56
24
36
43
53
65
57
30
35
34
25
43
25
33
47
65
36
32
52
27
49
51
46
51
43
52
30
72
53
32
36
37
58
32
37
48
35
62
55
33
48
35
51
53
30
68
67
27
30
46
39
54
35
31
53
47
30
34
43
37
53
38
46
46
36
31
32
52
30
23
52
44
30
25
46
52
43
54
44
50
25
30
33
21
33
32
32
45
37
33
48
39
37
43
46
26
43
34
35
35
46
30
43
34
51
27
55
51
33
30
53
55
68
29
33
35
35
31
43
34
21
57
32
22
26
36
35
67
38
32
49
26
34
48
35
40
56
57
41
42
31
67
55
33
36
30
33
45
37
33
28
42
49
25
44
40
57
27
21
61
53
57
36
56
35
26
21
34
27
40
63
43
33
34
49
28
38
33
29
30
35
33
36
39
41
42
58
23
55
35
49
40
34
35
31
57
27
54
41
38
64
51
37
39
28
35
27
39
68
37
43
45
39
30
66
31
47
56
44
29
52
26
39
54
31
58
30
33
45
31
51
28
29
36
32
33
36
33
67
26
32
35
41
34
57
56
54
41
29
45
35
31
33
54
28
59
48
43
45
39
36
39
53
70
24
36
62
33
59
29
67
43
30
34
34
55
35
57
37
25
33
26
29
53
47
32
47
23
36
40
44
24
25
54
30
39
56
31
49
49
65
60
73
39
32
60
41
26
51
47
49
43
34
38
36
32
39
46
46
55
53
58
44
39
30
44
43
37
37
23
45
17
27
55
43
52
35
29
26
40
45
33
32
31
32
34
36
42
56
31
40
32
40
37
49
40
31
36
32
34
36
54
37
54
36
40
52
35
28
64
47
32
59
43
28
65
60
32
26
50
56
41
43
35
36
36
31
52
30
38
45
43
30
29
37
42
63
36
27
37
30
28
41
47
22
44
39
36
30
35
56
51
32
34
31
33
31
27
31
39
43
41
25
30
42
33
51
52
23
23
31
22
30
33
54
30
34
50
52
38
35
42
67
30
34
37
46
38
23
53
44
34
30
41
30
38
48
41
59
28
47
29
47
62
67
63
53
61
40
30
40
59
44
52
38
62
56
41
72
38
56
58
32
31
38
36
29
33
26
38
39
42
32
45
54
48
35
45
33
40
32
42
53
27
51
25
54
46
32
26
27
50
39
38
48
34
25
48
62
45
25
39
56
39
24
23
36
31
38
32
53
39
34
40
45
44
48
45
36
36
51
20
28
25
50
30
33
32
64
26
28
62
52
53
34
35
55
51
53
22
45
46
54
30
60
32
31
41
59
63
40
58
45
36
24
31
60
41
17
29
53
57
40
54
62
34
24
65
28
41
31
57
50
54
31
29
28
53
40
32
34
58
45
32
57
67
35
37
38
35
32
30
29
36
48
42
72
49
21
36
33
40
34
38
38
31
22
38
28
59
32
44
57
25
57
68
44
35
60
44
48
64
60
35
30
30
39
40
39
31
36
56
33
35
65
57
54
26
71
39
31
43
52
38
39
31
28
39
71
50
42
46
41
28
53
29
53
50
49
42
44
40
30
32
59
34
33
33
53
33
62
30
29
27
41
50
47
44
70
37
39
48
36
55
42
25
35
50
53
43
31
53
38
43
29
34
38
60
39
30
44
24
25
38
22
32
70
31
42
28
36
30
36
29
33
34
51
57
50
45
30
34
52
30
33
51
42
27
56
49
53
31
56
40
36
65
39
53
35
52
55
21
36
46
59
30
51
34
30
62
63
37
63
38
43
30
31
35
78
28
32
28
31
41
36
