41
26
45
32
36
68
61
58
33
42
29
46
41
61
45
48
64
27
52
53
47
65
57
46
27
33
35
30
36
45
48
39
67
30
54
52
29
28
35
51
45
35
40
38
30
30
34
32
39
30
40
45
34
31
49
29
33
39
49
35
28
63
35
46
32
39
31
28
30
28
68
33
34
45
28
46
31
24
54
33
67
43
28
39
44
46
46
39
34
28
43
32
30
46
37
34
54
34
60
65
55
29
41
52
37
67
54
46
22
27
41
57
46
33
29
49
40
38
36
31
36
36
60
28
39
41
28
37
41
34
66
32
63
57
56
46
38
39
41
36
38
27
42
38
44
38
41
27
27
57
42
33
47
76
40
28
54
34
34
27
40
53
36
59
57
32
37
48
41
40
36
66
28
53
36
57
33
49
59
56
42
37
28
39
32
74
38
29
33
36
33
35
26
36
36
56
41
35
53
47
24
35
62
38
41
74
58
53
39
57
35
32
30
33
59
71
28
56
34
35
28
34
47
28
26
31
46
37
47
34
67
31
50
32
33
34
32
58
29
26
34
35
30
26
49
40
30
56
60
34
56
55
49
31
57
31
29
57
34
37
34
38
32
72
31
27
47
49
30
50
27
31
32
48
48
28
63
37
51
25
37
24
39
50
28
38
54
58
47
51
33
44
31
36
33
49
36
35
57
62
34
41
56
42
52
57
47
31
28
55
32
30
54
33
53
47
75
34
58
64
50
45
59
40
70
40
35
51
35
36
52
41
56
44
77
33
42
35
32
40
56
45
42
28
52
30
45
24
44
36
57
33
48
70
34
46
33
31
39
53
48
60
31
25
52
58
37
59
38
37
31
30
30
31
54
35
38
60
60
36
29
51
31
28
28
35
27
37
39
41
49
54
50
42
34
43
30
39
44
29
47
32
65
37
55
32
32
25
40
41
37
68
36
56
59
41
26
27
36
35
33
31
44
53
32
32
36
54
51
66
42
31
23
54
45
56
33
42
33
51
35
30
54
45
54
37
61
36
44
39
59
31
36
38
46
41
63
48
26
38
30
32
61
37
32
33
37
23
56
37
70
63
28
65
22
40
27
50
42
71
38
35
60
32
39
50
26
54
25
37
57
37
45
65
37
49
30
33
31
49
51
34
62
38
33
30
32
39
60
33
42
36
58
45
33
34
46
45
48
34
38
38
55
48
35
32
41
53
63
45
60
52
29
57
51
34
25
56
30
32
58
33
35
50
41
57
36
62
30
35
41
63
37
46
36
37
47
48
32
47
51
43
68
36
33
47
38
30
32
30
34
58
57
31
32
51
47
18
32
31
58
31
54
28
37
32
62
27
56
66
50
61
64
33
31
41
45
35
58
60
28
48
34
30
33
58
52
55
31
23
63
36
29
24
31
57
45
29
46
32
46
74
36
36
46
42
48
40
33
74
50
32
40
45
25
26
70
41
45
50
47
28
66
33
35
52
41
41
51
39
26
53
49
24
28
26
62
32
32
31
35
27
47
32
27
35
38
38
42
58
35
31
40
25
36
46
49
43
36
34
52
35
34
31
41
43
32
51
67
44
41
35
35
31
62
32
43
53
47
55
54
32
37
49
40
35
31
59
29
29
43
34
32
42
53
53
53
38
59
56
36
47
33
38
51
34
39
29
28
30
35
50
36
35
31
34
39
53
31
21
40
53
24
60
34
51
46
22
35
26
38
52
25
35
53
37
30
47
30
44
66
58
48
34
43
24
37
57
35
33
32
29
28
36
48
36
67
34
36
45
38
33
42
55
26
38
53
34
44
35
45
39
31
36
37
46
52
43
50
24
31
40
37
53
38
43
36
29
28
45
50
39
50
54
42
57
28
33
35
31
31
34
37
30
32
25
44
69
58
34
53
60
39
60
32
61
59
33
32
41
37
29
50
55
37
28
33
49
55
42
40
35
31
31
46
30
27
55
47
41
47
68
36
31
32
52
27
32
28
52
47
39
56
37
43
67
34
37
40
35
57
37
33
60
31
60
25
30
40
35
50
41
41
53
53
31
69
37
31
38
54
31
37
49
49
60
35
30
35
44
48
52
48
33
36
46
59
44
39
37
36
34
33
28
41
33
29
68
51
35
49
27
35
42
37
64
32
54
29
35
31
38
59
42
49
32
49
28
51
52
51
63
36
32
49
52
28
55
39
44
39
34
52
46
40
31
49
32
43
38
55
65
37
34
52
47
50
34
34
40
33
53
47
65
35
36
32
36
39
38
30
51
30
28
51
37
35
29
40
37
