42
56
37
48
44
32
51
41
35
58
30
33
33
57
34
24
33
34
53
56
55
33
41
60
46
72
35
33
29
32
53
36
46
43
59
40
52
44
34
35
32
58
58
31
41
60
28
36
67
28
44
36
35
48
34
43
33
23
50
32
52
34
52
23
52
51
35
28
36
33
65
55
33
44
49
35
27
41
39
36
27
47
68
36
32
59
35
53
57
41
29
37
34
49
37
53
41
47
33
52
32
71
38
35
63
31
34
45
36
41
35
47
32
46
41
38
21
34
49
68
44
40
30
47
50
29
31
65
60
35
32
22
50
55
32
45
36
38
38
30
41
36
34
30
50
60
55
40
35
37
37
49
36
35
39
32
39
29
52
47
42
32
48
68
30
31
31
52
48
26
52
41
32
38
47
46
53
46
60
58
34
62
56
54
35
33
63
32
60
58
26
32
35
60
63
44
51
43
34
30
25
28
37
46
33
49
34
46
61
34
31
41
31
66
39
41
35
45
50
56
33
36
33
40
65
48
55
27
46
42
54
32
28
28
44
34
31
55
38
56
60
50
19
56
41
74
36
51
37
27
55
38
40
37
28
51
31
29
22
58
48
42
32
40
35
63
51
36
40
33
70
60
59
36
32
32
28
32
40
34
30
67
36
35
34
55
39
38
52
56
43
43
65
66
26
24
27
43
65
57
28
31
42
32
30
68
45
69
23
31
61
47
74
31
34
28
29
30
32
23
32
45
37
67
43
36
31
43
66
68
44
59
35
52
51
56
57
37
23
33
35
43
52
34
31
46
66
32
25
32
56
35
46
41
50
30
34
47
50
49
68
35
40
37
28
32
62
30
53
38
55
43
29
38
34
26
34
41
40
55
64
26
42
44
60
53
32
49
34
33
23
51
40
41
53
50
34
35
48
42
58
46
33
57
35
30
58
55
46
40
36
39
32
36
57
41
44
32
41
39
33
59
31
59
63
67
37
45
47
37
35
65
33
49
37
40
36
38
54
40
33
52
42
59
59
40
34
68
33
26
42
32
55
26
34
57
29
35
70
30
30
56
35
57
50
55
32
38
42
61
28
32
38
35
37
50
32
30
40
29
41
54
32
54
34
42
35
39
31
33
50
49
31
22
41
28
35
35
27
36
52
40
27
34
35
35
37
57
60
47
28
46
35
40
42
31
31
74
42
29
37
70
62
38
34
29
37
59
37
47
25
31
48
42
30
35
30
52
37
34
42
33
35
36
34
41
34
55
60
41
33
52
46
34
32
36
40
39
28
42
51
34
57
29
31
38
25
27
60
30
50
26
36
23
29
43
49
39
53
66
33
30
64
45
43
66
38
56
45
47
43
35
31
28
20
25
55
30
74
26
39
45
55
30
37
32
45
35
38
26
40
52
58
29
37
33
28
31
49
52
44
35
34
28
26
42
51
55
47
47
31
38
39
31
28
37
49
30
40
38
39
39
32
62
51
40
52
39
38
29
37
61
58
53
44
33
59
36
34
42
55
39
56
30
43
35
31
41
39
45
23
58
34
52
23
57
41
36
33
53
47
37
39
59
48
40
36
31
63
31
31
31
55
52
49
29
34
49
27
55
58
31
45
24
60
39
52
41
32
43
31
42
38
34
65
41
37
61
47
39
31
73
32
39
61
38
50
41
42
56
61
37
32
28
51
45
63
30
51
45
40
43
29
50
29
56
67
55
29
38
42
28
34
32
47
54
32
33
32
36
29
35
40
48
29
35
48
34
44
56
57
31
26
40
36
52
62
34
48
33
59
35
53
32
33
49
45
33
32
32
40
35
61
59
29
47
45
65
51
52
49
52
41
20
39
27
62
31
42
36
58
31
39
50
29
54
30
29
45
48
37
39
26
38
32
39
37
23
24
33
49
39
59
32
54
53
68
71
35
49
35
35
53
32
50
72
46
61
25
45
70
25
33
41
61
16
39
62
27
30
45
60
45
34
23
39
25
64
46
30
25
41
54
34
31
39
59
53
44
48
65
39
44
33
52
34
34
59
61
32
30
45
35
36
42
31
51
36
35
43
50
51
58
43
50
29
65
60
63
46
53
30
36
26
28
30
64
25
40
64
39
55
31
27
41
35
65
54
26
32
55
39
42
25
34
51
40
38
34
35
33
44
31
45
29
54
58
35
30
35
27
31
38
31
35
35
53
24
55
45
30
50
31
56
65
35
54
36
43
31
63
39
45
33
66
70
23
44
47
34
30
32
27
47
35
35
32
43
39
29
58
36
37
27
24
52
29
41
29
47
