testdual4_binpack0
obj=	2318	2123
0 1
2 3
4 5
6 7
8 9
10 11 31
12 13 26
14 15 559
16 18
17 20
19 22
21 23 747
24 25
27 28 70
29 30 35
32 33
34 36 338
37 41
38 40
39 42
43 44
45 46
47 48
49 50
51 52
53 54 58
55 56
57 59
60 61 73
62 63
64 65
66 67
68 69
71 72 413
74 75
76 77
78 79 83
80 84
81 82
85 86
87 88
89 92
90 91
93 96
94 95
97 101
98 100
99 102 1707
103 104
105 106
107 108
109 110
111 112
113 114 196
115 116
117 118 119
120 122
121 123
124 125
126 127
128 129
130 131
132 133 216
134 135
136 137
138 139 178
140 141 179
142 143
144 145
146 148
147 149
150 153 2014
151 154
152 155
156 157
158 159
160 161
162 163 193
164 165 741
166 167
168 169
170 171 233
172 173 447
174 175
176 180
177 181
182 183
184 185 286
186 187
188 189
190 191
192 194 1413
195 197 1106
198 199
200 201
202 203
204 205
206 209
207 208
210 211
212 213
214 215 220
217 218
219 221
222 223
224 225 1148
226 227
228 229
230 231 2135
232 234
235 236
237 238
239 240 247
241 242
243 244
245 246 262
248 249
250 251 3189
252 257
253 254
255 256
258 259
260 261
263 264 294
265 266
267 268 270
269 271
272 273 279
274 275
276 277
278 281
280 283
282 284
285 287
288 289
290 291 297
292 293
295 296
298 302
299 300
301 303
304 305
306 307 2155
308 309
310 311
312 313 316
314 315
317 318
319 320
321 324
322 323
325 327
326 328
329 330
331 332
333 334 346
335 336 377
337 339
340 341
342 343 349
344 345 2717
347 350
348 401
351 359
352 368
353 355
354 357
356 365
358 361
360 366
362 364
363 367
369 370
371 372
373 374
375 376
378 379 391
380 381
382 383
384 386
385 387
388 389
390 392
393 394
395 399
396 397
398 400
402 405
403 406
404 408 2724
407 409
410 411
412 414
415 416 421
417 418
419 420
422 424
423 429
425 426
427 428
430 431
432 433 1171
434 435
436 437 3272
438 439 442
440 441
443 444 450
445 446
448 452
449 456
451 454
453 455
457 458
459 461
460 462
463 464
465 471
466 472
467 468
469 470
473 474 475
476 477
478 479 625
480 481 628
482 483 486
484 485
487 488
489 490 2523
491 492 3167
493 494
495 496 578
497 500
498 502
499 501
503 504 538
505 506
507 508
509 510 3875
511 512 4259
513 514 522
515 516
517 518
519 520
521 523
524 525
526 527
528 529 531
530 532 543
533 534
535 536 1522
537 539 2908
540 541
542 544
545 546
547 548
549 550 694
551 552 779
553 557
554 555
556 558
560 561 737
562 563
564 565
566 567
568 569
570 571
572 573
574 575 582
576 577
579 580
581 583
584 585
586 587 788
588 589 965
590 591
592 593
594 595
596 598
597 600
599 601
602 603
604 605 608
606 609
607 610
611 612
613 614
615 616 632
617 620
618 619
621 624
622 623
626 627
629 633
630 637
631 638
634 639
635 636
640 641
642 643
644 645
646 648
647 649
650 651 672
652 653 664
654 659
655 658
656 657
660 661
662 663
665 666
667 668
669 670
671 673
674 676
675 677
678 679
680 681
682 683
684 685
686 687
688 689
690 691 743
692 693 4285
695 696 698
697 699
700 701 703
702 704
705 706 715
707 712
708 709
710 721
711 720
713 716
714 719
717 722
718 723
724 726
725 727
728 729
730 731 873
732 733
734 735
736 738
739 740
742 744 746
745 748
749 750
751 752 756
753 754 772
755 757 2663
758 759
760 761
762 763 973
764 765 1973
766 767
768 769
770 771
773 774
775 776
777 778 783
780 784
781 782
785 786 793
787 789
790 791
792 794
795 796
797 799
798 800
801 802
803 804 4306
805 806 807
808 809
810 811
812 813 3017
814 815 1045
816 817
818 819 2611
820 821 980
822 823 825
824 826 1056
827 828
829 830
831 832
833 834 837
835 836
838 839 1053
840 841
842 845
843 844
846 847
848 849 850
851 852
853 854 4363
855 856 1062
857 858
859 861
860 862
863 864
865 866
867 868
869 871
870 872
874 875
876 877 888
878 879
880 887
881 882
883 886
884 889
885 892
890 891
893 894
895 896
897 898 1081
899 900
901 902 969
903 904 916
905 906 1031
907 908
909 910 4653
911 912
913 914 2785
915 917 1096
918 919 920
921 922
923 924
925 926
927 931
928 932
929 930
933 934
935 936
937 938
939 940
941 942 4962
943 944
945 946 955
947 954
948 956
949 950
951 952
953 957
958 959
960 961
962 963
964 966 968
967 970
971 972
974 975
976 977
978 979
981 982 1102
983 984
985 986
987 988
989 990
991 992
993 994
995 996
997 998 3186
999 1000
1001 1002
1003 1004
1005 1006 3211
1007 1008
1009 1010 1442
1011 1012
1013 1014
1015 1016
1017 1018
1019 1020
1021 1022
1023 1024
1025 1026
1027 1029
1028 1033
1030 1032
1034 1035
1036 1039
1037 1038
1040 1041
1042 1043
1044 1046
1047 1048 1058
1049 1050
1051 1052
1054 1055
1057 1059
1060 1063
1061 1066
1064 1068
1065 1067
1069 1070 1109
1071 1072
1073 1074
1075 1076
1077 1078
1079 1080
1082 1083
1084 1085
1086 1087
1088 1092
1089 1091
1090 1100
1093 1105
1094 1099
1095 1101
1097 1098
1103 1104
1107 1108
1110 1111 2856
1112 1113
1114 1115
1116 1121
1117 1119
1118 1120
1122 1123 1127
1124 1125
1126 1128
1129 1130
1131 1132
1133 1134
1135 1136
1137 1138 1839
1139 1140
1141 1142
1143 1144 1145
1146 1147 3629
1149 1151
1150 1152
1153 1154
1155 1156 1246
1157 1158 3453
1159 1160
1161 1162
1163 1165 3567
1164 1170
1166 1167
1168 1169
1172 1173
1174 1175
1176 1177
1178 1181
1179 1180
1182 1183
1184 1185
1186 1187
1188 1190
1189 1191
1192 1193 1263
1194 1195
1196 1197
1198 1199
1200 1201
1202 1205
1203 1207
1204 1206
1208 1209 1220
1210 1211
1212 1213
1214 1215 1219
1216 1218
1217 1224
1221 1222
1223 1225
1226 1227
1228 1229
1230 1231 1262
1232 1233
1234 1235
1236 1237 3963
1238 1239
1240 1241
1242 1243
1244 1245
1247 1248
1249 1250
1251 1252
1253 1254 1274
1255 1256
1257 1258
1259 1260
1261 1264
1265 1266
1267 1268
1269 1270
1271 1275
1272 1273
1276 1277
1278 1279
1280 1281 1283
1282 1285
1284 1290
1286 1287
1288 1289
1291 1292
1293 1294
1295 1297
1296 1298
1299 1300
1301 1302
1303 1304
1305 1306 1312
1307 1314
1308 1309
1310 1315
1311 1313
1316 1317 3683
1318 1319
1320 1321
1322 1323
1324 1325
1326 1327
1328 1329
1330 1331
1332 1333
1334 1335 1337
1336 1338 1352
1339 1340
1341 1342
1343 1344
1345 1346
1347 1350
1348 1349
1351 1353
1354 1355
1356 1358
1357 1359
1360 1361
1362 1364
1363 1366
1365 1369
1367 1368
1370 1375
1371 1373
1372 1377
1374 1378
1376 1379
1380 1381
1382 1386
1383 1385
1384 1387
1388 1389 1459
1390 1391
1392 1393
1394 1395 1465
1396 1398
1397 1399
1400 1405
1401 1408
1402 1407
1403 1404
1406 1409
1410 1411
1412 1414
1415 1416
1417 1418
1419 1421
1420 1422
1423 1424
1425 1426
1427 1428
1429 1432
1430 1431
1433 1435
1434 1436
1437 1438
1439 1440
1441 1443
1444 1445
1446 1447
1448 1449
1450 1451
1452 1453 3942
1454 1455 1580
1456 1457
1458 1460
1461 1462
1463 1464 1501
1466 1467
1468 1469 4048
1470 1471 1575
1472 1473
1474 1475
1476 1477
1478 1480
1479 1486
1481 1487
1482 1484
1483 1485
1488 1489
1490 1491
1492 1493
1494 1503
1495 1497
1496 1502
1498 1504
1499 1500
1505 1506 1687
1507 1508 1572
1509 1510 1514
1511 1512
1513 1515
1516 1517
1518 1519
1520 1521 1738
1523 1524
1525 1526 1532
1527 1528
1529 1530 4440
1531 1533
1534 1535
1536 1537
1538 1539
1540 1541
1542 1543
1544 1545
1546 1547
1548 1549 2103
1550 1551
1552 1553 1633
1554 1555 1560
1556 1557
1558 1559 1755
1561 1562
1563 1564
1565 1566
1567 1568
1569 1570 1646
1571 1573 1576
1574 1577
1578 1582
1579 1586
1581 1584
1583 1585
1587 1588
1589 1590
1591 1592
1593 1594
1595 1596
1597 1598
1599 1600 1622
1601 1603
1602 1604
1605 1606
1607 1608
1609 1610
1611 1612
1613 1614
1615 1625
1616 1617
1618 1619
1620 1621
1623 1629
1624 1627
1626 1631
1628 1630
1632 1634 1679
1635 1636
1637 1638
1639 1640
1641 1642
1643 1644
1645 1647
1648 1649
1650 1651
1652 1653
1654 1655 1699
1656 1657
1658 1659 1780
1660 1661
1662 1663 1795
1664 1665 1668
1666 1671
1667 1678
1669 1673
1670 1675
1672 1677
1674 1676
1680 1681
1682 1683
1684 1685 1686
1688 1690
1689 1694
1691 1695
1692 1693
1696 1697
1698 1700
1701 1702
1703 1704 1734
1705 1706
1708 1709
1710 1711
1712 1713
1714 1715
1716 1717
1718 1719 1793
1720 1723
1721 1724
1722 1726
1725 1727
1728 1729 1957
1730 1731
1732 1733 1748
1735 1736
1737 1741
1739 1740
1742 1744
1743 1745
1746 1747
1749 1751
1750 1752
1753 1754
1756 1757
1758 1759
1760 1761
1762 1763
1764 1767
1765 1766
1768 1769
1770 1771
1772 1773 1778
1774 1775
1776 1777
1779 1781
1782 1783
1784 1785
1786 1787 1877
1788 1789
1790 1791
1792 1800
1794 1798
1796 1797
1799 1801
1802 1803
1804 1805
1806 1807
1808 1809
1810 1811
1812 1813
1814 1817
1815 1816
1818 1819
1820 1821
1822 1823
1824 1828
1825 1826
1827 1831
1829 1830
1832 1833
1834 1836
1835 1837
1838 1840
1841 1844
1842 1843
1845 1846 4572
1847 1848 2345
1849 1850
1851 1852
1853 1854 1856
1855 1857
1858 1859
1860 1861
1862 1863
1864 1865
1866 1867 2003
1868 1869 1870
1871 1872
1873 1874 1876
1875 1878
1879 1880
1881 1882 1899
1883 1884
1885 1886
1887 1891
1888 1894
1889 1895
1890 1898
1892 1893
1896 1897
1900 1901 1905
1902 1903
1904 1906
1907 1908
1909 1911
1910 1913
1912 1914
1915 1916 4675
1917 1919
1918 1920
1921 1922
1923 1924
1925 1926 1936
1927 1928
1929 1930
1931 1932
1933 1934
1935 1937 1940
1938 1939
1941 1942
1943 1944
1945 1946
1947 1948
1949 1950
1951 1952 2005
1953 1954
1955 1956
1958 1959
1960 1961
1962 1965
1963 1964
1966 1969
1967 1968
1970 1971
1972 1974
1975 1976
1977 1978
1979 1980
1981 1988
1982 1984
1983 1986
1985 1987
1989 1990
1991 1993
1992 1995
1994 1996
1997 1998
1999 2000
2001 2002 2010
2004 2007
2006 2011
2008 2009
2012 2013
2015 2016 2017
2018 2019
2020 2021
2022 2023 2024
2025 2026
2027 2028
2029 2030
2031 2032 2035
2033 2034
2036 2037
2038 2039
2040 2041 2106
2042 2043
2044 2045 2401
2046 2047
2048 2050
2049 2051
2052 2053
2054 2055
2056 2057
2058 2059
2060 2061 2764
2062 2063
2064 2065
2066 2067
2068 2069
2070 2071
2072 2073
2074 2075
2076 2077
2078 2079
2080 2081
2082 2084
2083 2087
2085 2088
2086 2089
2090 2091
2092 2093
2094 2095
2096 2097 2134
2098 2099
2100 2101
2102 2104
2105 2107
2108 2109
2110 2111
2112 2113 2247
2114 2115 2118
2116 2121
2117 2120
2119 2124
2122 2123
2125 2126
2127 2128
2129 2130
2131 2133
2132 2137
2136 2138
2139 2140
2141 2142
2143 2144
2145 2147
2146 2148
2149 2151
2150 2152
2153 2154
2156 2161
2157 2158
2159 2160
2162 2163
2164 2165 2868
2166 2167 2192
2168 2169
2170 2171
2172 2173 2198
2174 2175 2305
2176 2181
2177 2178
2179 2180
2182 2183
2184 2185
2186 2187
2188 2191
2189 2190
2193 2199
2194 2195
2196 2197
2200 2201
2202 2203
2204 2205
2206 2207
2208 2209
2210 2211 3367
2212 2213
2214 2215
2216 2217
2218 2219
2220 2221
2222 2223
2224 2225
2226 2227
2228 2229
2230 2231
2232 2233
2234 2235
2236 2237 2643
2238 2240
2239 2244
2241 2242
2243 2245
2246 2248
2249 2250 4054
2251 2252
2253 2254
2255 2257
2256 2258
2259 2260
2261 2262 2263
2264 2265
2266 2268
2267 2271
2269 2270
2272 2276
2273 2282
2274 2275
2277 2278
2279 2280
2281 2284
2283 2285
2286 2287
2288 2289
2290 2291
2292 2293
2294 2296
2295 2297
2298 2299
2300 2301
2302 2303
2304 2306 2307
2308 2309 4460
2310 2311
2312 2313 2316
2314 2315
2317 2318 2649
2319 2320 4552
2321 2323
2322 2324
2325 2326
2327 2328
2329 2330
2331 2332 2354
2333 2337
2334 2338
2335 2336
2339 2340
2341 2342 2349
2343 2344
2346 2347
2348 2350
2351 2352
2353 2355
2356 2357
2358 2359
2360 2361 2833
2362 2364
2363 2365 2377
2366 2367 2391
2368 2369
2370 2373
2371 2374
2372 2375
2376 2378 3406
2379 2380
2381 2382
2383 2384
2385 2387
2386 2392
2388 2390
2389 2393
2394 2395
2396 2398
2397 2399
2400 2402
2403 2404
2405 2406
2407 2408
2409 2412
2410 2416
2411 2415
2413 2414
2417 2418
2419 2420
2421 2422 2424
2423 2426
2425 2427
2428 2429
2430 2431
2432 2433
2434 2435
2436 2437
2438 2439
2440 2441
2442 2443
2444 2445
2446 2447 2450
2448 2449
2451 2452 2458
2453 2459
2454 2455
2456 2457
2460 2462
2461 2463
2464 2465
2466 2467
2468 2469
2470 2471
2472 2473 2475
2474 2476
2477 2478
2479 2480 2489
2481 2482
2483 2484
2485 2486
2487 2488
2490 2491
2492 2493
2494 2495 2496
2497 2498
2499 2500 2507
2501 2502
2503 2504 2513
2505 2506
2508 2509
2510 2512
2511 2514
2515 2516
2517 2518
2519 2520
2521 2522
2524 2525 2530
2526 2528
2527 2531
2529 2532
2533 2534 2541
2535 2536
2537 2540
2538 2539
2542 2543
2544 2545 2550
2546 2547
2548 2549
2551 2552
2553 2554
2555 2556
2557 2558
2559 2560
2561 2566
2562 2563
2564 2567
2565 2568
2569 2570
2571 2574
2572 2573
2575 2576 2622
2577 2578
2579 2580 2620
2581 2582
2583 2584
2585 2586
2587 2592
2588 2589
2590 2591
2593 2594
2595 2601
2596 2603
2597 2598
2599 2600
2602 2604
2605 2606
2607 2608
2609 2610
2612 2613
2614 2615 2624
2616 2617
2618 2625
2619 2623
2621 2626
2627 2628
2629 2630
2631 2632
2633 2635
2634 2636
2637 2638
2639 2640
2641 2644
2642 2646
2645 2648
2647 2650
2651 2652
2653 2654 2660
2655 2661
2656 2668
2657 2659
2658 2665
2662 2664
2666 2667
2669 2670
2671 2672
2673 2675
2674 2676
2677 2678
2679 2680
2681 2682
2683 2684 2713
2685 2686
2687 2688 2703
2689 2690
2691 2692
2693 2694 2695
2696 2697
2698 2699
2700 2701
2702 2704 2815
2705 2706
2707 2708 2727
2709 2710
2711 2712
2714 2715
2716 2718
2719 2720
2721 2722
2723 2725
2726 2729
2728 2730
2731 2732
2733 2734
2735 2736
2737 2738
2739 2740
2741 2742
2743 2749
2744 2747
2745 2748
2746 2750
2751 2752
2753 2757
2754 2758
2755 2756
2759 2762
2760 2761
2763 2765
2766 2767
2768 2769
2770 2771
2772 2773
2774 2775
2776 2779
2777 2778
2780 2781
2782 2783
2784 2786
2787 2794
2788 2789
2790 2795
2791 2792
2793 2796
2797 2798
2799 2800
2801 2802 2809
2803 2805
2804 2810
2806 2807
2808 2811 2852
2812 2813
2814 2816
2817 2818
2819 2820 2822
2821 2826
2823 2824
2825 2827
2828 2840
2829 2831
2830 2836
2832 2835
2834 2838
2837 2841
2839 2842
2843 2844 2861
2845 2853
2846 2847
2848 2850
2849 2855
2851 2857
2854 2860
2858 2859
2862 2863
2864 2872
2865 2869
2866 2873
2867 2870
2871 2874
2875 2876
2877 2878
2879 2880
2881 2882
2883 2884 2914
2885 2886 2887
2888 2889
2890 2891
2892 2893 2898
2894 2895 2900
2896 2897
2899 2901
2902 2903
2904 2905
2906 2907 2920
2909 2910 2932
2911 2912
2913 2915
2916 2917
2918 2919
2921 2922
2923 2924
2925 2926
2927 2928 2934
2929 2930
2931 2933
2935 2936 2938
2937 2939
2940 2941 3203
2942 2943
2944 2948
2945 2947
2946 2949
2950 2953
2951 2955
2952 2954
2956 2958
2957 2959
2960 2961
2962 2963
2964 2965
2966 2967
2968 2969 3462
2970 2975
2971 2972
2973 2974
2976 2977
2978 2979
2980 2981
2982 2983
2984 2985
2986 2987
2988 2989
2990 2991
2992 2993
2994 2995
2996 2997
2998 2999 3000
3001 3002
3003 3004
3005 3006 3011
3007 3008
3009 3012
3010 3013
3014 3015
3016 3018
3019 3020
3021 3022
3023 3024 3026
3025 3027
3028 3029
3030 3031
3032 3033
3034 3036
3035 3037
3038 3043
3039 3040
3041 3045
3042 3044
3046 3047
3048 3049
3050 3051
3052 3054
3053 3055
3056 3057
3058 3059
3060 3061 3064
3062 3063
3065 3066
3067 3069
3068 3071
3070 3072
3073 3074
3075 3076
3077 3078 3083
3079 3082
3080 3084
3081 3085
3086 3087 3091
3088 3089 3135
3090 3092
3093 3094
3095 3096
3097 3098
3099 3100
3101 3102
3103 3105
3104 3106
3107 3108
3109 3110
3111 3113
3112 3116
3114 3115
3117 3118
3119 3121
3120 3125
3122 3123
3124 3126
3127 3130
3128 3139
3129 3133
3131 3145
3132 3141
3134 3137
3136 3147
3138 3140
3142 3146
3143 3144
3148 3149
3150 3151
3152 3153
3154 3155 3157
3156 3158 3396
3159 3166
3160 3177
3161 3164
3162 3163
3165 3176
3168 3170
3169 3179
3171 3172
3173 3180
3174 3175
3178 3181
3182 3183
3184 3188
3185 3187
3190 3191
3192 3193
3194 3195
3196 3197
3198 3199
3200 3201
3202 3206
3204 3209
3205 3208
3207 3218
3210 3212
3213 3215
3214 3221
3216 3217
3219 3223
3220 3231
3222 3226
3224 3229
3225 3228
3227 3230
3232 3233 3271
3234 3235 3239
3236 3237
3238 3240 3249
3241 3242
3243 3244
3245 3247
3246 3253
3248 3252
3250 3251
3254 3255
3256 3257 3261
3258 3259
3260 3262
3263 3264
3265 3266
3267 3270
3268 3269
3273 3274
3275 3276
3277 3278 3284
3279 3280
3281 3282
3283 3285
3286 3287
3288 3289 3293
3290 3291
3292 3299
3294 3295
3296 3297
3298 3300
3301 3302
3303 3304
3305 3306 3315
3307 3308
3309 3310
3311 3312
3313 3314
3316 3317
3318 3319
3320 3321 3326
3322 3323
3324 3325
3327 3328
3329 3330
3331 3332
3333 3334
3335 3336
3337 3338
3339 3340
3341 3342
3343 3344 3361
3345 3346 3389
3347 3348
3349 3350
3351 3352
3353 3354
3355 3356
3357 3358
3359 3360
3362 3365
3363 3364
3366 3368
3369 3370
3371 3373
3372 3374
3375 3376
3377 3378
3379 3380
3381 3383
3382 3385
3384 3386
3387 3388 3425
3390 3393
3391 3401
3392 3399
3394 3402
3395 3400
3397 3398
3403 3404 3407
3405 3408
3409 3410
3411 3412
3413 3414
3415 3416
3417 3418
3419 3422
3420 3428
3421 3423
3424 3427
3426 3429
3430 3431
3432 3433 3436
3434 3435
3437 3438
3439 3440
3441 3442
3443 3444
3445 3446
3447 3448
3449 3450 3457
3451 3452
3454 3455
3456 3458
3459 3460 3471
3461 3463
3464 3465
3466 3469
3467 3468
3470 3472
3473 3474
3475 3476
3477 3478 3486
3479 3489
3480 3484
3481 3488
3482 3487
3483 3485
3490 3491 3526
3492 3493
3494 3495
3496 3497
3498 3499 3502
3500 3501
3503 3508
3504 3516
3505 3510
3506 3507
3509 3517
3511 3518
3512 3515
3513 3514
3519 3520
3521 3522 3546
3523 3524 3530
3525 3527
3528 3529
3531 3532
3533 3536
3534 3535
3537 3538 3541
3539 3545
3540 3551
3542 3554
3543 3549
3544 3556
3547 3557
3548 3550
3552 3553
3555 3558
3559 3560
3561 3562 3796
3563 3564
3565 3566 3595
3568 3569
3570 3571
3572 3573
3574 3575
3576 3577
3578 3579
3580 3582
3581 3583
3584 3585
3586 3588
3587 3589
3590 3591 3599
3592 3593
3594 3596
3597 3598
3600 3601 3610
3602 3603
3604 3606
3605 3607
3608 3609
3611 3613
3612 3614
3615 3616
3617 3618
3619 3620
3621 3622
3623 3624 3628
3625 3626
3627 3630
3631 3632
3633 3634
3635 3636 3644
3637 3639
3638 3640
3641 3642
3643 3645
3646 3647
3648 3650
3649 3651
3652 3653
3654 3655 3656
3657 3658
3659 3660
3661 3664
3662 3667
3663 3668
3665 3666
3669 3674
3670 3673
3671 3675
3672 3676
3677 3678
3679 3680
3681 3684
3682 3685
3686 3689
3687 3688
3690 3691
3692 3693 3781
3694 3695
3696 3698
3697 3699
3700 3701
3702 3703
3704 3705
3706 3709
3707 3710
3708 3711
3712 3713
3714 3715
3716 3717 3731
3718 3719
3720 3722
3721 3723
3724 3725 3797
3726 3727
3728 3729 3730
3732 3733
3734 3736
3735 3739
3737 3738
3740 3741
3742 3743
3744 3745
3746 3747
3748 3749
3750 3753
3751 3752
3754 3755
3756 3757
3758 3759 3762
3760 3761
3763 3764
3765 3766
3767 3768
3769 3770 3831
3771 3772
3773 3774
3775 3776
3777 3778 3788
3779 3780 3787
3782 3783 3795
3784 3785
3786 3789 3966
3790 3791
3792 3793
3794 3798
3799 3801
3800 3802
3803 3804 3806
3805 3807
3808 3809
3810 3813
3811 3812
3814 3815
3816 3819
3817 3818
3820 3821 3824
3822 3823
3825 3826
3827 3828
3829 3834
3830 3832
3833 3835
3836 3837
3838 3839 3869
3840 3841 3957
3842 3843 3973
3844 3849
3845 3850
3846 3848
3847 3855
3851 3853
3852 3856
3854 3857
3858 3859
3860 3865
3861 3862
3863 3864
3866 3867
3868 3870
3871 3872 3874
3873 3879
3876 3880
3877 3878
3881 3882
3883 3884
3885 3886
3887 3888 3900
3889 3890
3891 3892
3893 3899
3894 3898
3895 3897
3896 3901
3902 3910
3903 3912
3904 3920
3905 3906
3907 3919
3908 3924
3909 3923
3911 3925
3913 3926
3914 3918
3915 3922
3916 3921
3917 3927
3928 3929
3930 3931
3932 3937
3933 3935
3934 3936
3938 3939 4377
3940 3941
3943 3947
3944 3948
3945 3946
3949 3950
3951 3952
3953 3955
3954 3970
3956 3958 3989
3959 3960
3961 3962
3964 3965
3967 3968
3969 3971
3972 3974 3980
3975 3976 3990
3977 3981
3978 3979
3982 3983
3984 3985 4352
3986 3988
3987 3992
3991 3993
3994 3996
3995 3997
3998 3999
4000 4001
4002 4003
4004 4006
4005 4007
4008 4009 4031
4010 4013
4011 4012
4014 4019
4015 4016
4017 4018
4020 4021
4022 4025
4023 4024
4026 4027
4028 4030
4029 4034
4032 4033
4035 4036
4037 4038
4039 4040 4047
4041 4049
4042 4050
4043 4045
4044 4046
4051 4055
4052 4053
4056 4057
4058 4059
4060 4061
4062 4063
4064 4065
4066 4067 4068
4069 4070
4071 4072
4073 4074
4075 4076
4077 4078
4079 4080 4155
4081 4082
4083 4084
4085 4086
4087 4090
4088 4098
4089 4091
4092 4099
4093 4100
4094 4096
4095 4097
4101 4104
4102 4103
4105 4106
4107 4108
4109 4110
4111 4112
4113 4114
4115 4116 4122
4117 4118
4119 4120
4121 4123
4124 4127
4125 4126
4128 4129 4175
4130 4131 4135
4132 4133
4134 4136
4137 4138
4139 4140
4141 4142 4201
4143 4144 4157
4145 4146
4147 4148
4149 4150
4151 4153
4152 4154
4156 4158
4159 4160 4171
4161 4162
4163 4164
4165 4166
4167 4168
4169 4170
4172 4177
4173 4174
4176 4178
4179 4182
4180 4181
4183 4184
4185 4186 4210
4187 4188
4189 4190 4192
4191 4194
4193 4195
4196 4197
4198 4200
4199 4203
4202 4204
4205 4206
4207 4208
4209 4211
4212 4213
4214 4215 4216
4217 4218
4219 4220
4221 4222
4223 4224
4225 4226
4227 4228 4249
4229 4230
4231 4232
4233 4234 4262
4235 4236 4254
4237 4238
4239 4240
4241 4242
4243 4246
4244 4247
4245 4248
4250 4251
4252 4253
4255 4256
4257 4258
4260 4261 4403
4263 4264
4265 4266
4267 4268
4269 4270 4748
4271 4273
4272 4274
4275 4276
4277 4283
4278 4286
4279 4280
4281 4284
4282 4287
4288 4289
4290 4291 4293
4292 4294
4295 4296
4297 4298
4299 4300
4301 4302
4303 4304
4305 4307 4310
4308 4309
4311 4312
4313 4314 4413
4315 4322
4316 4317
4318 4323
4319 4325
4320 4321
4324 4326
4327 4328
4329 4330 4333
4331 4335
4332 4334
4336 4337
4338 4339 4340
4341 4343
4342 4344
4345 4346
4347 4348
4349 4350 4360
4351 4353
4354 4355
4356 4357
4358 4362
4359 4368
4361 4365
4364 4369
4366 4370
4367 4371
4372 4373
4374 4375 4406
4376 4379
4378 4380
4381 4382
4383 4386
4384 4385
4387 4388
4389 4390
4391 4392
4393 4394
4395 4396
4397 4398
4399 4400
4401 4402
4404 4405
4407 4408
4409 4410
4411 4412
4414 4415 4419
4416 4417
4418 4420
4421 4422
4423 4424
4425 4426 4430
4427 4428
4429 4431
4432 4433
4434 4435 4442
4436 4437
4438 4445
4439 4441
4443 4444
4446 4449
4447 4448
4450 4451 4452
4453 4454
4455 4456
4457 4458 4519
4459 4462
4461 4463
4464 4465
4466 4467 4468
4469 4470 4522
4471 4472
4473 4474
4475 4476 4485
4477 4478
4479 4481
4480 4492
4482 4493
4483 4484
4486 4490
4487 4489
4488 4498
4491 4505
4494 4496
4495 4497
4499 4501
4500 4504
4502 4503
4506 4507
4508 4509
4510 4513
4511 4512
4514 4515 4534
4516 4517
4518 4520
4521 4523
4524 4527
4525 4526
4528 4529 4969
4530 4531
4532 4533
4535 4542
4536 4537
4538 4543
4539 4541
4540 4547
4544 4546
4545 4548
4549 4550
4551 4553
4554 4555
4556 4557
4558 4559
4560 4561
4562 4563 4566
4564 4565
4567 4568 4602
4569 4570
4571 4575
4573 4574
4576 4577 4850
4578 4579
4580 4581 4667
4582 4583
4584 4585
4586 4587
4588 4589
4590 4591
4592 4593 4596
4594 4595
4597 4598
4599 4600 4625
4601 4603
4604 4605 4651
4606 4607
4608 4609
4610 4611
4612 4614
4613 4615
4616 4617
4618 4619 4624
4620 4621
4622 4623
4626 4627
4628 4629
4630 4631
4632 4633
4634 4635
4636 4637
4638 4640
4639 4641
4642 4643 4668
4644 4645
4646 4647
4648 4650
4649 4657
4652 4654
4655 4661
4656 4659
4658 4663
4660 4662
4664 4665
4666 4669 4873
4670 4671
4672 4673
4674 4676
4677 4678
4679 4697
4680 4693
4681 4694
4682 4685
4683 4684
4686 4699
4687 4689
4688 4691
4690 4692
4695 4701
4696 4700
4698 4702
4703 4704
4705 4706 4714
4707 4708
4709 4710
4711 4712
4713 4715 4720
4716 4717
4718 4719
4721 4722
4723 4724
4725 4726 4739
4727 4728 4795
4729 4731
4730 4732
4733 4740
4734 4736
4735 4741
4737 4738
4742 4743
4744 4745
4746 4747 4754
4749 4750
4751 4752 4759
4753 4755
4756 4757
4758 4760
4761 4762
4763 4766
4764 4767
4765 4768
4769 4770
4771 4772 4800
4773 4774
4775 4776
4777 4778
4779 4782
4780 4781
4783 4784
4785 4786
4787 4788
4789 4790
4791 4792
4793 4794
4796 4797
4798 4799
4801 4802
4803 4804 4834
4805 4806
4807 4808
4809 4811
4810 4812
4813 4814
4815 4816 4835
4817 4818
4819 4820
4821 4822
4823 4824
4825 4826 4830
4827 4828
4829 4831
4832 4833
4836 4837 4838
4839 4847
4840 4849
4841 4845
4842 4851
4843 4844
4846 4852
4848 4853
4854 4855 4877
4856 4857
4858 4867
4859 4864
4860 4872
4861 4862
4863 4865
4866 4874
4868 4875
4869 4871
4870 4876
4878 4879
4880 4881 4883
4882 4884
4885 4886
4887 4888
4889 4890
4891 4892 4893
4894 4895
4896 4897 4908
4898 4899
4900 4901
4902 4903
4904 4905
4906 4909
4907 4910
4911 4912
4913 4914 4936
4915 4916
4917 4918
4919 4920
4921 4922
4923 4924
4925 4927
4926 4928
4929 4930
4931 4932
4933 4934
4935 4937
4938 4939
4940 4942
4941 4943
4944 4948
4945 4949
4946 4952
4947 4951
4950 4953
4954 4955
4956 4957
4958 4959
4960 4964
4961 4963
4965 4967
4966 4971
4968 4973
4970 4972
4974 4975
4976 4977
4978 4979
4980 4981
4982 4983
4984 4985
4986 4987
4988 4989
4990 4991
4992 4993
4994 4995
4996 4997
4998 4999
