testdual4_binpack0
obj=	2312	2123
1 2
3 4 5
6 18
7 17
8 9
10 11
12 15
13 16
14 19
20 21 26
22 23
24 25 30
27 28 221
29 31 33
32 34 37
35 36 84
38 39 51
40 44
41 43
42 45
46 47 52
48 49
50 53
54 55
56 57 124
58 59
60 61
62 63
64 65 264
66 67
68 69
70 71
72 73
74 75 383
76 78
77 79
80 81
82 83 86
85 89
87 88
90 91 97
92 94
93 98
95 101
96 104
99 108
100 109
102 105
103 106
107 110
111 112
113 114
115 116
117 118 136
119 120 187
121 122
123 125 129
126 127
128 130
131 133
132 134
135 137
138 139 182
140 142
141 143
144 145
146 147
148 149
150 151 167
152 153
154 155
156 157
158 159
160 161
162 163
164 165
166 168
169 171
170 172
173 174
175 176
177 178
179 180
181 183 194
184 185
186 188
189 190
191 192
193 195
196 197
198 199
200 201 1269
202 203
204 205
206 207 315
208 211
209 210
212 213 215
214 216
217 220
218 219
222 223
224 225 312
226 227
228 229 1132
230 231
232 233 613
234 235 242
236 237
238 239
240 245
241 243
244 246
247 248
249 250
251 252 870
253 254 259
255 256
257 258
260 261 283
262 263
265 272
266 268
267 269
270 274
271 275
273 278
276 277
279 280
281 282 285
284 294
286 287
288 291
289 290
292 293
295 296
297 298
299 300 302
301 303
304 305
306 307 313
308 309
310 314
311 316
317 318 975
319 320
321 322
323 324 1088
325 326 331
327 328
329 330 1232
332 334
333 335
336 337
338 339 345
340 341
342 346
343 344
347 348
349 350 601
351 352
353 354 363
355 356
357 358
359 360
361 366
362 364
365 368
367 369
370 371
372 373
374 375
376 377 430
378 379
380 381 487
382 384 392
385 386 391
387 388
389 390
393 394
395 396 458
397 398
399 400 415
401 409
402 406
403 410
404 405
407 408
411 416
412 414
413 417
418 419
420 421
422 423
424 425
426 427
428 429
431 433
432 434
435 436 442
437 438 674
439 440
441 443
444 445
446 447
448 449
450 465
451 485
452 459
453 475
454 462
455 457
456 484
460 469
461 483
463 471
464 472
466 486
467 468
470 477
473 482
474 476
478 479
480 481
488 489 500
490 491
492 493 508
494 495
496 498
497 501
499 502
503 504
505 506
507 509
510 511
512 513 574
514 515
516 517 687
518 519
520 523
521 524
522 525
526 527 531
528 529
530 532
533 534
535 536 542
537 538 579
539 543
540 541
544 545 546
547 550
548 549
551 554
552 553
555 556
557 558
559 560
561 562
563 565
564 566
567 568 580
569 570
571 572 575
573 581
576 578
577 584
582 586
583 585
587 588 589
590 591
592 593
594 595 620
596 597
598 600
599 603
602 604
605 606
607 608 611
609 610
612 615
614 618
616 617
619 621
622 623
624 625
626 627 633
628 629
630 631
632 634
635 636 665
637 638 732
639 645
640 641
642 644
643 646
647 648 668
649 650
651 652
653 654
655 656
657 661
658 663
659 662
660 667
664 666
669 672
670 675
671 673
676 679
677 678
680 681
682 683 701
684 685 704
686 688
689 690
691 692 711
693 699
694 696
695 698
697 710
700 705
702 707
703 706
708 709
712 719
713 725
714 726
715 717
716 718
720 721
722 723
724 727
728 729
730 733
731 734
735 736
737 738
739 740 1044
741 742
743 744 1196
745 746 763
747 749 1081
748 752
750 751 1271
753 754
755 756 765
757 769
758 759
760 761
762 764
766 767
768 770
771 772
773 774 1083
775 776
777 778
779 780
781 782 814
783 786
784 785
787 788
789 790 792
791 793
794 795
796 797
798 802
799 800
801 804
803 807
805 808
806 809
810 811
812 813 1197
815 816
817 818
819 820 1247
821 822
823 825
824 828
826 827
829 831
830 832
833 834
835 836
837 838 965
839 843
840 841
842 848
844 845
846 847
849 851
850 852
853 854 895
855 856 949
857 858
859 860
861 862
863 864
865 866
867 868
869 871
872 873 1029
874 879
875 876
877 878
880 881
882 883
884 885
886 890
887 888
889 891
892 893
894 896 897
898 899
900 901
902 903 913
904 907
905 906
908 909
910 911
912 914
915 916 1027
917 918 919
920 921
922 923
924 925
926 927
928 929
930 932
931 937
933 938
934 935
936 939
940 941
942 943 944
945 946 989
947 948
950 951
952 956
953 957
954 955
958 959 1203
960 961
962 967
963 968
964 966
969 985
970 973
971 972
974 981
976 977
978 979
980 982
983 990
984 994
986 987
988 1002
991 992
993 995
996 997
998 999
1000 1001
1003 1004
1005 1006 1010
1007 1008
1009 1011
1012 1013
1014 1015
1016 1017 1041
1018 1022
1019 1020
1021 1023
1024 1025 1192
1026 1028
1030 1031
1032 1033
1034 1035
1036 1037
1038 1039
1040 1042
1043 1045
1046 1054
1047 1048
1049 1053
1050 1052
1051 1055
1056 1057
1058 1059
1060 1061
1062 1063
1064 1065
1066 1067 1446
1068 1069
1070 1071
1072 1074
1073 1076
1075 1077
1078 1079
1080 1082
1084 1085 1095
1086 1087
1089 1090
1091 1092
1093 1094 2175
1096 1099
1097 1098
1100 1101
1102 1103 1107
1104 1105
1106 1108
1109 1110 1161
1111 1112
1113 1114
1115 1116
1117 1118
1119 1120
1121 1122
1123 1126
1124 1129
1125 1127
1128 1130
1131 1133
1134 1135 1167
1136 1137
1138 1139
1140 1141
1142 1143
1144 1145
1146 1147 1158
1148 1151
1149 1150
1152 1153
1154 1155
1156 1159
1157 1160
1162 1163
1164 1165
1166 1170
1168 1172
1169 1171
1173 1174
1175 1176
1177 1181
1178 1179
1180 1182
1183 1184 1421
1185 1186 1188
1187 1190
1189 1191
1193 1195
1194 1198
1199 1200
1201 1202 1223
1204 1205
1206 1207
1208 1209
1210 1212
1211 1219
1213 1214
1215 1216
1217 1218
1220 1224
1221 1225
1222 1226
1227 1228
1229 1230 1413
1231 1233
1234 1235
1236 1237
1238 1239 1955
1240 1241
1242 1243
1244 1245 1318
1246 1248
1249 1250
1251 1252
1253 1254 2158
1255 1256 1282
1257 1258
1259 1260
1261 1272
1262 1266
1263 1280
1264 1265
1267 1270
1268 1273
1274 1275
1276 1279
1277 1278
1281 1283
1284 1285
1286 1289
1287 1288
1290 1291
1292 1293
1294 1295
1296 1298
1297 1300
1299 1301
1302 1303
1304 1305 1381
1306 1307 1546
1308 1309
1310 1311 1361
1312 1313
1314 1315 1344
1316 1317
1319 1320
1321 1322
1323 1326
1324 1325
1327 1328
1329 1330
1331 1332
1333 1334
1335 1336
1337 1338
1339 1340
1341 1343
1342 1349
1345 1346
1347 1358
1348 1351
1350 1355
1352 1353
1354 1359
1356 1357
1360 1363
1362 1364
1365 1366 1378
1367 1368
1369 1370
1371 1372
1373 1374
1375 1376
1377 1380
1379 1382
1383 1384
1385 1386
1387 1388
1389 1390 1391
1392 1395
1393 1394
1396 1400
1397 1401
1398 1404
1399 1403
1402 1405
1406 1407
1408 1410
1409 1414
1411 1416
1412 1415
1417 1418
1419 1420 1542
1422 1423
1424 1425
1426 1427
1428 1429
1430 1431
1432 1433
1434 1435 1454
1436 1437 1603
1438 1439
1440 1441 2151
1442 1443
1444 1445
1447 1448 1627
1449 1450
1451 1452 3951
1453 1455 1956
1456 1457
1458 1459
1460 1461
1462 1463 1466
1464 1465
1467 1468 1477
1469 1472
1470 1471
1473 1474
1475 1476
1478 1479 1488
1480 1481 3534
1482 1483
1484 1485
1486 1487
1489 1490
1491 1492
1493 1494
1495 1497
1496 1499
1498 1500
1501 1502
1503 1504
1505 1506
1507 1508
1509 1510
1511 1514 1878
1512 1513
1515 1516
1517 1519
1518 1520 3077
1521 1522 1592
1523 1524
1525 1526
1527 1528
1529 1535
1530 1531
1532 1533
1534 1540
1536 1537
1538 1541
1539 1544
1543 1545
1547 1548
1549 1550 1552
1551 1553
1554 1555
1556 1557
1558 1559
1560 1561
1562 1563
1564 1565
1566 1569
1567 1568
1570 1571
1572 1575
1573 1576
1574 1577
1578 1579
1580 1581
1582 1583
1584 1585
1586 1587 1591
1588 1589
1590 1594
1593 1597
1595 1599
1596 1598
1600 1602
1601 1604
1605 1606
1607 1608
1609 1610
1611 1612
1613 1614
1615 1616
1617 1618
1619 1620 1807
1621 1622
1623 1624
1625 1626
1628 1629 2060
1630 1631
1632 1633 1639
1634 1635
1636 1637 1872
1638 1640
1641 1642
1643 1644
1645 1646
1647 1648
1649 1650 2181
1651 1652 1788
1653 1654
1655 1656
1657 1658 1967
1659 1660 1668
1661 1662
1663 1664
1665 1667
1666 1669
1670 1672
1671 1673
1674 1675
1676 1677
1678 1679
1680 1681
1682 1684
1683 1685
1686 1687
1688 1689
1690 1691 1694
1692 1707
1693 1695
1696 1698
1697 1699
1700 1702
1701 1703
1704 1708
1705 1709
1706 1710
1711 1712
1713 1714
1715 1716 1721
1717 1718
1719 1723
1720 1722
1724 1725
1726 1727
1728 1729
1730 1731 1748
1732 1733 3067
1734 1735 2046
1736 1737
1738 1740
1739 1741
1742 1743 2982
1744 1745 1749
1746 1747
1750 1752
1751 1753
1754 1755 1762
1756 1757
1758 1760
1759 1763
1761 1764
1765 1766
1767 1768 1835
1769 1770
1771 1777
1772 1778
1773 1780
1774 1776
1775 1779
1781 1785
1782 1784
1783 1786
1787 1789
1790 1791 2003
1792 1793
1794 1795 1849
1796 1797
1798 1799
1800 1801
1802 1803
1804 1805
1806 1808
1809 1810
1811 1812
1813 1814
1815 1816
1817 1818
1819 1820
1821 1822
1823 1824
1825 1826
1827 1828
1829 1830
1831 1832
1833 1834
1836 1837
1838 1839
1840 1841 1868
1842 1843
1844 1845
1846 1847 1856
1848 1850
1851 1852 1863
1853 1854
1855 1857
1858 1860
1859 1861
1862 1864
1865 1870
1866 1879
1867 1869
1871 1875
1873 1874
1876 1877
1880 1881 1885
1882 1883
1884 1886 2314
1887 1888
1889 1890 1899
1891 1893
1892 1894
1895 1896
1897 1898
1900 1901
1902 1903
1904 1905
1906 1907
1908 1909 1975
1910 1911
1912 1913
1914 1915
1916 1917
1918 1921
1919 1920
1922 1923 2144
1924 1925 1969
1926 1927
1928 1929
1930 1931
1932 1933
1934 1935 1959
1936 1941
1937 1938
1939 1942
1940 1944
1943 1945
1946 1947
1948 1949 1951
1950 1952
1953 1954
1957 1958
1960 1961
1962 1963 1968
1964 1965
1966 1970
1971 1974
1972 1973
1976 1984
1977 1983
1978 1979
1980 1985
1981 1982
1986 1987 2035
1988 1989
1990 1991
1992 1993 2015
1994 1995 2047
1996 1997 2007
1998 1999
2000 2001
2002 2004
2005 2006 2140
2008 2009
2010 2011
2012 2013
2014 2017
2016 2018
2019 2020
2021 2024
2022 2025
2023 2026
2027 2029
2028 2030
2031 2032 2050
2033 2034
2036 2037
2038 2039
2040 2044
2041 2043
2042 2045
2048 2051
2049 2054
2052 2053
2055 2058
2056 2057
2059 2061
2062 2063
2064 2066
2065 2067
2068 2069
2070 2071
2072 2073
2074 2075
2076 2077
2078 2079 2087
2080 2081
2082 2085
2083 2084
2086 2088
2089 2090 2109
2091 2092 2330
2093 2096
2094 2095
2097 2098
2099 2100
2101 2102
2103 2104
2105 2106
2107 2108
2110 2111
2112 2113
2114 2115
2116 2117
2118 2119 2147
2120 2121
2122 2123
2124 2126
2125 2127
2128 2130
2129 2132
2131 2134
2133 2135
2136 2137
2138 2141
2139 2142
2143 2145
2146 2148
2149 2150
2152 2153
2154 2155
2156 2157
2159 2160 2166
2161 2162
2163 2164
2165 2167
2168 2169 2197
2170 2171 2200
2172 2173
2174 2176 2561
2177 2178
2179 2182
2180 2183
2184 2185
2186 2187
2188 2191
2189 2190
2192 2193
2194 2198
2195 2196
2199 2201
2202 2203
2204 2205
2206 2207
2208 2209
2210 2211
2212 2213
2214 2216
2215 2219
2217 2218
2220 2221 2232
2222 2223
2224 2225
2226 2231
2227 2229
2228 2230
2233 2234 2285
2235 2236 2414
2237 2238
2239 2240 2288
2241 2242
2243 2244
2245 2246
2247 2248
2249 2250
2251 2252 2481
2253 2254
2255 2259
2256 2264
2257 2258
2260 2261
2262 2263
2265 2266
2267 2275
2268 2269
2270 2271
2272 2276
2273 2274
2277 2278
2279 2280
2281 2287
2282 2283
2284 2294
2286 2290
2289 2291
2292 2293
2295 2296 2319
2297 2298
2299 2301
2300 2302
2303 2304
2305 2308
2306 2307
2309 2310
2311 2312
2313 2317
2315 2316
2318 2320 2346
2321 2322 2367
2323 2324
2325 2326
2327 2328
2329 2331
2332 2333 2437
2334 2335
2336 2337
2338 2339
2340 2341 2352
2342 2343
2344 2345
2347 2348
2349 2350
2351 2355
2353 2354
2356 2357
2358 2360
2359 2361
2362 2364
2363 2365
2366 2368 2372
2369 2370
2371 2373
2374 2375
2376 2377
2378 2379
2380 2381 2382
2383 2384
2385 2386
2387 2388
2389 2390
2391 2392
2393 2395
2394 2401
2396 2398
2397 2400
2399 2402
2403 2404
2405 2407
2406 2412
2408 2411
2409 2410
2413 2415
2416 2417
2418 2419
2420 2421
2422 2423
2424 2425 2450
2426 2427
2428 2429
2430 2431
2432 2433
2434 2435
2436 2438 2479
2439 2440
2441 2442
2443 2444
2445 2446
2447 2448
2449 2451
2452 2453
2454 2455
2456 2458
2457 2461
2459 2465
2460 2464
2462 2463
2466 2467 2487
2468 2469
2470 2471
2472 2473
2474 2475
2476 2477
2478 2483
2480 2482
2484 2485 2488
2486 2489
2490 2491
2492 2493
2494 2495
2496 2497 3835
2498 2499
2500 2501 2502
2503 2504
2505 2506 2566
2507 2508
2509 2510
2511 2512
2513 2516
2514 2515
2517 2518
2519 2521
2520 2522
2523 2524
2525 2529
2526 2530
2527 2528
2531 2532
2533 2534
2535 2536
2537 2538
2539 2540 2548
2541 2542 2552
2543 2544
2545 2546
2547 2549
2550 2551
2553 2558
2554 2557
2555 2576 3145
2556 2571
2559 2564
2560 2563
2562 2570
2565 2573
2567 2569
2568 2572
2574 2575
2577 2578
2579 2580
2581 2582 2584
2583 2585
2586 2587
2588 2589
2590 2591 2602
2592 2593
2594 2595
2596 2597
2598 2599
2600 2601
2603 2604 2674
2605 2606
2607 2608 2781
2609 2610 2617
2611 2612
2613 2615
2614 2616
2618 2619
2620 2621
2622 2623
2624 2625 2629
2626 2627
2628 2634
2630 2631
2632 2633
2635 2636
2637 2638
2639 2640
2641 2643
2642 2645
2644 2646
2647 2648
2649 2650 2655
2651 2652
2653 2654 2659
2656 2657
2658 2660
2661 2662 2663
2664 2665
2666 2667
2668 2669
2670 2671
2672 2673 3890
2675 2676
2677 2678
2679 2680
2681 2682
2683 2686
2684 2687
2685 2688
2689 2690 2692
2691 2693 2704
2694 2695
2696 2697
2698 2699
2700 2701
2702 2703 4917
2705 2706 2739
2707 2708
2709 2710
2711 2712 3060
2713 2714
2715 2716
2717 2720
2718 2719
2721 2722
2723 2724 2773
2725 2726
2727 2728 3729
2729 2730
2731 2734
2732 2733
2735 2736
2737 2738
2740 2745
2741 2742
2743 2744
2746 2750
2747 2748
2749 2751
2752 2753
2754 2757
2755 2756
2758 2759 2786
2760 2761
2762 2763
2764 2772
2765 2771
2766 2770
2767 2768
2769 2774
2775 2778
2776 2777
2779 2780
2782 2783 2787
2784 2785
2788 2789
2790 2791
2792 2793 2794
2795 2796 3715
2797 2798
2799 2800 3127
2801 2804
2802 2803
2805 2806
2807 2808 2809
2810 2811
2812 2813
2814 2815
2816 2817
2818 2821
2819 2820
2822 2823
2824 2825 2856
2826 2828
2827 2839
2829 2832
2830 2840
2831 2837
2833 2834
2835 2841
2836 2845
2838 2844
2842 2843
2846 2847
2848 2849
2850 2851
2852 2854
2853 2858
2855 2867
2857 2863
2859 2864
2860 2862
2861 2868
2865 2866
2869 2870
2871 2872 3153
2873 2874
2875 2876
2877 2878 2880
2879 2881
2882 2883 3657
2884 2885
2886 2887
2888 2889
2890 2892
2891 2895
2893 2897
2894 2900
2896 2902
2898 2901
2899 2903
2904 2905
2906 2907
2908 2909
2910 2911
2912 2913
2914 2915
2916 2917 3724
2918 2919
2920 2921 3162
2922 2923
2924 2927
2925 2926
2928 2929
2930 2931
2932 2934
2933 2935
2936 2937
2938 2940
2939 2960
2941 2942 2958
2943 2944
2945 2946
2947 2948
2949 2950
2951 2952
2953 2954
2955 2956
2957 2959 3200
2961 2962
2963 2964
2965 2966 3020
2967 2968
2969 2970
2971 2972
2973 2974
2975 2976
2977 2978
2979 2980 2997
2981 2983
2984 2985
2986 2988
2987 2989
2990 2991
2992 2993
2994 2995
2996 2998 3606
2999 3000
3001 3002
3003 3004 3100
3005 3006 3038
3007 3008 3009
3010 3011
3012 3013
3014 3015
3016 3017
3018 3019
3021 3024
3022 3023
3025 3026
3027 3028
3029 3030 3034
3031 3035
3032 3033
3036 3037
3039 3040
3041 3042
3043 3044
3045 3046
3047 3048
3049 3050 3053
3051 3052
3054 3055 3137
3056 3057 3059
3058 3061
3062 3063
3064 3065
3066 3068
3069 3070 3468
3071 3072
3073 3074
3075 3076 3121
3078 3079
3080 3081
3082 3083 3155
3084 3085
3086 3089
3087 3088
3090 3091
3092 3093
3094 3095
3096 3097 3106
3098 3099
3101 3109
3102 3104
3103 3108
3105 3107
3110 3111 3116
3112 3113 3189
3114 3115
3117 3118 3119
3120 3124
3122 3123
3125 3126
3128 3130
3129 3131
3132 3133 3134
3135 3136
3138 3139
3140 3141
3142 3143
3144 3146 3147
3148 3149
3150 3151
3152 3154
3156 3157 3158
3159 3160 3197
3161 3163 3176
3164 3165
3166 3167
3168 3169
3170 3171
3172 3173
3174 3175
3177 3178
3179 3180
3181 3182
3183 3184 3365
3185 3186
3187 3188 3277
3190 3191
3192 3195
3193 3194
3196 3198
3199 3202
3201 3207
3203 3204
3205 3206
3208 3209
3210 3211 3220
3212 3213
3214 3215
3216 3219
3217 3221
3218 3227
3222 3224
3223 3225
3226 3228
3229 3230
3231 3232
3233 3235
3234 3236
3237 3238
3239 3241
3240 3244
3242 3243
3245 3247
3246 3248
3249 3250
3251 3252
3253 3254
3255 3256
3257 3258
3259 3260 3265
3261 3262
3263 3264
3266 3267
3268 3269
3270 3271 3478
3272 3273
3274 3275
3276 3278
3279 3280 3285
3281 3282 3389
3283 3284
3286 3287 3404
3288 3289
3290 3291
3292 3293 3307
3294 3295
3296 3297
3298 3300
3299 3301
3302 3303
3304 3311
3305 3308
3306 3309
3310 3312
3313 3314
3315 3317
3316 3318
3319 3320
3321 3324
3322 3328
3323 3325
3326 3327
3329 3330
3331 3332 3333
3334 3335
3336 3338
3337 3339
3340 3341
3342 3346
3343 3347
3344 3345
3348 3351 3366
3349 3350
3352 3353 3371
3354 3355
3356 3357
3358 3372
3359 3370
3360 3373
3361 3364
3362 3368
3363 3369
3367 3374
3375 3376
3377 3378 3391
3379 3380
3381 3382 3541
3383 3384 3386
3385 3387
3388 3390
3392 3393 3497
3394 3395
3396 3401
3397 3399
3398 3400
3402 3403
3405 3406 3407
3408 3409
3410 3411
3412 3413
3414 3415 3418
3416 3419
3417 3420
3421 3422
3423 3424
3425 3436
3426 3430
3427 3437
3428 3447
3429 3448
3431 3439
3432 3440
3433 3434
3435 3453
3438 3449
3441 3446
3442 3443
3444 3450
3445 3454
3451 3452
3455 3456
3457 3458
3459 3460
3461 3462 3978
3463 3464
3465 3466
3467 3469 3471
3470 3472
3473 3474 3502
3475 3476
3477 3479
3480 3481
3482 3483
3484 3485 3487
3486 3488 3496
3489 3490
3491 3492
3493 3494
3495 3498
3499 3500
3501 3503
3504 3505
3506 3512
3507 3513
3508 3510
3509 3511
3514 3515 3535
3516 3517 3519
3518 3520
3521 3522
3523 3524
3525 3526
3527 3528 3543
3529 3530
3531 3532
3533 3536
3537 3540
3538 3539
3542 3544
3545 3546 3671
3547 3548 3889
3549 3550
3551 3552 3633
3553 3554 4013
3555 3556
3557 3558
3559 3560
3561 3562 3838
3563 3564
3565 3566 3576
3567 3568
3569 3577
3570 3571
3572 3575
3573 3574
3578 3579 3581
3580 3582
3583 3584 3586
3585 3591
3587 3593
3588 3590
3589 3592
3594 3595 3618
3596 3597
3598 3599
3600 3601
3602 3603 4154
3604 3605
3607 3608
3609 3610
3611 3612
3613 3614
3615 3616
3617 3619
3620 3621 3971
3622 3623
3624 3625
3626 3627 4333
3628 3629
3630 3631
3632 3634 3831
3635 3636 3827
3637 3646
3638 3639
3640 3641
3642 3653
3643 3645
3644 3655
3647 3649
3648 3652
3650 3651
3654 3656
3658 3659
3660 3663
3661 3665
3662 3664
3666 3667
3668 3669 3670
3672 3683
3673 3674
3675 3676
3677 3678
3679 3684
3680 3681
3682 3685
3686 3690
3687 3689
3688 3695
3691 3694
3692 3693
3696 3697
3698 3699 3720
3700 3701
3702 3713
3703 3706
3704 3705
3707 3708
3709 3712
3710 3711
3714 3716
3717 3718
3719 3721
3722 3723 3903
3725 3726 3869
3727 3730
3728 3735
3731 3732
3733 3734
3736 3737 3750
3738 3739
3740 3741
3742 3745
3743 3744
3746 3747
3748 3749
3751 3760
3752 3762
3753 3758
3754 3755
3756 3759
3757 3761
3763 3764
3765 3766
3767 3768
3769 3773
3770 3774
3771 3772
3775 3776
3777 3778
3779 3780
3781 3782
3783 3784
3785 3786
3787 3788
3789 3790
3791 3792
3793 3794
3795 3796
3797 3798
3799 3800
3801 3802
3803 3806
3804 3805
3807 3808 3832
3809 3810
3811 3812
3813 3814
3815 3816
3817 3818
3819 3820
3821 3824
3822 3823
3825 3828
3826 3829
3830 3833
3834 3836
3837 3840
3839 3841
3842 3844
3843 3845
3846 3847
3848 3849
3850 3852
3851 3853
3854 3855
3856 3857 3881
3858 3859
3860 3861
3862 3863
3864 3865
3866 3867
3868 3870
3871 3872 3880
3873 3874
3875 3876
3877 3878 3884
3879 3882
3883 3885 4188
3886 3888
3887 3891
3892 3894
3893 3895
3896 3897
3898 3899
3900 3901
3902 3904
3905 3906
3907 3908
3909 3910
3911 3912
3913 3916
3914 3915
3917 3918
3919 3920
3921 3922
3923 3926
3924 3925
3927 3928
3929 3930 4096
3931 3932
3933 3934
3935 3936
3937 3938
3939 3941
3940 3942
3943 3944
3945 3946
3947 3948
3949 3950
3952 3953 3958
3954 3955
3956 3960
3957 3959
3961 3962
3963 3964
3965 3966
3967 3968
3969 3970
3972 3975
3973 3974
3976 3980
3977 3979
3981 3982 4199
3983 3984 3996
3985 3986
3987 3988
3989 3990
3991 3992
3993 3994
3995 3997
3998 3999
4000 4002
4001 4003
4004 4005
4006 4007
4008 4009 4016
4010 4011
4012 4014
4015 4017
4018 4019
4020 4021
4022 4027
4023 4024
4025 4026
4028 4029
4030 4031
4032 4033 4035
4034 4036 4045
4037 4038
4039 4040
4041 4042
4043 4044
4046 4047 4050
4048 4049
4051 4053
4052 4054 4486
4055 4056
4057 4058 4061
4059 4062
4060 4064
4063 4067
4065 4066
4068 4069
4070 4071 4078
4072 4073 4080
4074 4075
4076 4081
4077 4079
4082 4083
4084 4085 4166
4086 4087 4117
4088 4089 4242
4090 4091 4103
4092 4093
4094 4095
4097 4098
4099 4100
4101 4102 4140
4104 4105
4106 4107
4108 4109 4111
4110 4112
4113 4114 4120
4115 4118
4116 4121
4119 4122
4123 4125
4124 4126
4127 4128 4456
4129 4130
4131 4132
4133 4138
4134 4136
4135 4137
4139 4141
4142 4145
4143 4148
4144 4146
4147 4149
4150 4151
4152 4153
4155 4156 4157
4158 4160
4159 4161
4162 4163 4169
4164 4167
4165 4170
4168 4172
4171 4173
4174 4176
4175 4177
4178 4179
4180 4181
4182 4183 4190
4184 4185
4186 4187
4189 4191
4192 4193
4194 4197
4195 4196
4198 4200
4201 4202
4203 4204
4205 4206
4207 4208
4209 4210
4211 4212
4213 4214
4215 4216
4217 4218
4219 4220 4292
4221 4222
4223 4224
4225 4228
4226 4227
4229 4230
4231 4232
4233 4234
4235 4238
4236 4237
4239 4241
4240 4243
4244 4245
4246 4249
4247 4248
4250 4251
4252 4253
4254 4255
4256 4257
4258 4259
4260 4261
4262 4263
4264 4265 4270
4266 4277
4267 4268
4269 4276
4271 4274
4272 4281
4273 4275
4278 4286
4279 4280
4282 4283
4284 4285
4287 4290
4288 4294
4289 4293
4291 4303
4295 4296
4297 4301
4298 4300
4299 4302
4304 4305
4306 4307
4308 4309
4310 4311 4353
4312 4313
4314 4315 4639
4316 4317
4318 4320
4319 4321
4322 4323 4355
4324 4325 4335
4326 4327
4328 4329 4875
4330 4331
4332 4337
4334 4336
4338 4339 4359
4340 4344
4341 4342
4343 4345 4670
4346 4348
4347 4349
4350 4351
4352 4354
4356 4357
4358 4360 4487
4361 4362
4363 4364
4365 4366
4367 4372
4368 4369
4370 4371
4373 4374 4671
4375 4376 4378
4377 4379
4380 4381
4382 4383 4410
4384 4385
4386 4387
4388 4391
4389 4390
4392 4393
4394 4395
4396 4397
4398 4399
4400 4401
4402 4403
4404 4406
4405 4407
4408 4409
4411 4412
4413 4414
4415 4418
4416 4420
4417 4421
4419 4422
4423 4424
4425 4426 4451
4427 4428
4429 4430
4431 4432
4433 4434
4435 4436 4442
4437 4438
4439 4441
4440 4443
4444 4449
4445 4448
4446 4447
4450 4452
4453 4454
4455 4457
4458 4459
4460 4461 4510
4462 4465
4463 4464
4466 4467
4468 4469
4470 4471
4472 4473
4474 4475 4596
4476 4477
4478 4479
4480 4481
4482 4483
4484 4485
4488 4489
4490 4491
4492 4493 4495
4494 4498
4496 4497
4499 4500 4541
4501 4502 4516
4503 4504
4505 4506
4507 4508
4509 4511
4512 4513
4514 4518
4515 4517
4519 4524
4520 4522
4521 4525
4523 4526
4527 4530
4528 4529
4531 4532
4533 4534
4535 4540
4536 4538
4537 4539
4542 4543 4549
4544 4545
4546 4547
4548 4551
4550 4552
4553 4554 4587
4555 4556 4608
4557 4558
4559 4560
4561 4562 4592
4563 4564 4659
4565 4566 4968
4567 4568
4569 4570 4575
4571 4574
4572 4579
4573 4577
4576 4578
4580 4581
4582 4583
4584 4585
4586 4588 4594
4589 4590
4591 4593
4595 4597
4598 4599
4600 4601
4602 4603
4604 4605 4607
4606 4609
4610 4613
4611 4615
4612 4614
4616 4617
4618 4619
4620 4621
4622 4623
4624 4625
4626 4629
4627 4631
4628 4630
4632 4634
4633 4636
4635 4637
4638 4640
4641 4642
4643 4644 4700
4645 4648
4646 4647
4649 4652
4650 4651
4653 4654
4655 4656 4662
4657 4658
4660 4661
4663 4664
4665 4668
4666 4667
4669 4672
4673 4674
4675 4676
4677 4678 4685
4679 4680
4681 4682
4683 4684
4686 4687
4688 4689 4850
4690 4691
4692 4693
4694 4695
4696 4702
4697 4704
4698 4699
4701 4703
4705 4709
4706 4708
4707 4710
4711 4712 4714
4713 4717
4715 4725
4716 4718
4719 4730
4720 4724
4721 4722
4723 4727
4726 4731 4778
4728 4729
4732 4733
4734 4735
4736 4737
4738 4739
4740 4745
4741 4742
4743 4744
4746 4749
4747 4750
4748 4753
4751 4752
4754 4755 4758
4756 4763
4757 4761
4759 4760
4762 4764
4765 4766
4767 4768 4803
4769 4770 4773
4771 4772
4774 4776
4775 4777
4779 4780
4781 4782
4783 4785
4784 4786
4787 4788
4789 4790 4793
4791 4792
4794 4795
4796 4801
4797 4798
4799 4800
4802 4805
4804 4807
4806 4810
4808 4809
4811 4812
4813 4814
4815 4816
4817 4818
4819 4820
4821 4822
4823 4824 4828
4825 4826
4827 4829
4830 4831
4832 4833
4834 4835
4836 4837 4854
4838 4839
4840 4841
4842 4843
4844 4846
4845 4847
4848 4849
4851 4852
4853 4855
4856 4857 4860
4858 4867
4859 4863
4861 4868
4862 4864
4865 4866
4869 4870 4874
4871 4872
4873 4876
4877 4878 4914
4879 4880
4881 4882
4883 4884 4891
4885 4886
4887 4888
4889 4890
4892 4893
4894 4895
4896 4897 4898
4899 4900
4901 4902
4903 4904 4906
4905 4907
4908 4909
4910 4911 4913
4912 4915
4916 4918 4960
4919 4921
4920 4924
4922 4923
4925 4926
4927 4928 4929
4930 4931
4932 4935
4933 4936
4934 4937
4938 4946
4939 4940
4941 4942
4943 4944
4945 4947
4948 4949
4950 4951
4952 4953
4954 4955
4956 4957
4958 4959 4962
4961 4963
4964 4965
4966 4967
4969 4972
4970 4971
4973 4974 4975
4976 4977 4980
4978 4982
4979 4981
4983 4986
4984 4988
4985 4987
4989 4990
4991 4992
4993 4994
4995 4996
4997 4998
4999 5000
