testdual4_binpack0
obj=	2311	2123
1 2 4
3 5
6 7 25
8 9 547
10 11
12 13 66
14 16
15 17
18 19
20 21 1519
22 29
23 32
24 28
26 27
30 31 33
34 35
36 37 491
38 39
40 41 45
42 43 65
44 46
47 48
49 50
51 52
53 54 165
55 56
57 58
59 63
60 61
62 64
67 68 750
69 70
71 72
73 74 78
75 76 90
77 79
80 81 3120
82 83 84
85 86 155
87 89
88 92
91 93
94 98
95 97
96 99
100 101
102 103 1887
104 105
106 107 108
109 110 117
111 119
112 120
113 115
114 116
118 123 3244
121 122
124 125
126 127
128 129 196
130 131 179
132 133
134 139
135 138
136 141
137 140
142 144
143 145
146 147
148 149
150 151 374
152 153
154 156 3592
157 158 1115
159 160 4815
161 162
163 164
166 169
167 168
170 171 766
172 174
173 175 320
176 177
178 181
180 186
182 183
184 188
185 187
189 190
191 192 1575
193 194 2001
195 197
198 199 1629
200 205
201 202
203 204
206 207
208 209
210 211
212 213 1204
214 215 217
216 222 2225
218 219
220 221
223 224
225 226
227 228
229 230
231 232 4490
233 234
235 236 239
237 238
240 241 282
242 243 264
244 245 2623
246 247
248 249 382
250 251 3215
252 253 296
254 255
256 257
258 259 266
260 261
262 263
265 270
267 272
268 271
269 273
274 275
276 277
278 279
280 281
283 284
285 286
287 288
289 290
291 292 507
293 294 2310
295 297
298 299 2347
300 303
301 305
302 304
306 307 314
308 309
310 311 353
312 313 2235
315 316
317 318
319 321 360
322 325
323 326
324 327
328 329
330 333
331 332
334 335
336 337 530
338 340
339 341
342 343
344 347
345 346
348 349
350 351 3898
352 354 379
355 357
356 361
358 359
362 363
364 365
366 367
368 369 380
370 371
372 373
375 376
377 378
381 383
384 385
386 387
388 389
390 397
391 393
392 401
394 398
395 396
399 402
400 403
404 405
406 407 413
408 410
409 411
412 416
414 415
417 418 431
419 420 422
421 423
424 425
426 427
428 432
429 430
433 434 524
435 436 536
437 438
439 440
441 442
443 444 528
445 446
447 448 514
449 450 538
451 452
453 454
455 456
457 458
459 460
461 462
463 464
465 466 474
467 468
469 470
471 472 537
473 475
476 477
478 479 2692
480 481
482 483
484 485
486 487 545
488 489
490 492
493 494
495 499
496 497
498 500
501 502
503 504
505 506 515
508 509
510 511 534
512 513 833
516 517
518 519
520 521
522 527
523 525
526 531
529 533
532 535
539 540
541 542
543 544 2696
546 548
549 550
551 552 561
553 554
555 556
557 558
559 560
562 563
564 565
566 567
568 569 2368
570 571
572 573
574 575 593
576 582
577 578
579 580
581 583
584 585
586 587 646
588 589 3071
590 591
592 594
595 596
597 598
599 600
601 602
603 605
604 612
606 607
608 609
610 611
613 614
615 616
617 618 679
619 620
621 622
623 624
625 626
627 628
629 631
630 632 3094
633 634
635 636
637 638 739
639 640
641 642
643 644 3399
645 647 1021
648 649
650 651
652 653
654 655 677
656 657 661
658 659
660 662 3422
663 664
665 666 4110
667 668
669 670
671 672 673
674 675
676 678
680 681
682 683
684 685
686 687
688 689
690 691
692 693 2390
694 695 778
696 698
697 699
700 701
702 703 704
705 706
707 708
709 710
711 712
713 714
715 716 909
717 718 719
720 721
722 723
724 725
726 727
728 729
730 731
732 733
734 735
736 738
737 740
741 744
742 745
743 746
747 748
749 751
752 756
753 754
755 759
757 758
760 761
762 763 788
764 767
765 768
769 770 1113
771 774
772 775
773 776
777 780
779 784
781 787
782 790
783 794
785 786
789 791
792 793
795 798
796 799
797 800
801 806
802 804
803 805
807 808
809 810 816
811 817
812 818
813 814
815 819
820 821 824
822 823
825 826
827 828
829 830
831 832
834 835 850
836 837
838 839
840 841 861
842 843
844 847
845 846
848 849
851 852
853 854
855 856
857 858 4271
859 860
862 865
863 864
866 869
867 868
870 871
872 873
874 875
876 877
878 879
880 883
881 882
884 885
886 887
888 889
890 891 1044
892 893
894 895
896 897
898 899
900 901
902 903
904 905
906 907
908 910
911 912
913 914 922
915 916
917 918 2519
919 920 944
921 925
923 927
924 926
928 929
930 931 936
932 933
934 935
937 939
938 940
941 942
943 945
946 947
948 949 959
950 951
952 956
953 958
954 955
957 960
961 962
963 965
964 966
967 968 1096
969 970 971
972 975
973 974
976 977
978 979 2829
980 981
982 984
983 986
985 988
987 989
990 991
992 993 996
994 997
995 998
999 1000 1186
1001 1002 4305
1003 1005
1004 1006
1007 1008 1011
1009 1010
1012 1014
1013 1015
1016 1017
1018 1019
1020 1022
1023 1024
1025 1027
1026 1030
1028 1029
1031 1032
1033 1034
1035 1036 1224
1037 1038
1039 1040 1049
1041 1042
1043 1045
1046 1047 1354
1048 1050
1051 1052
1053 1054
1055 1056
1057 1058
1059 1061
1060 1062
1063 1064
1065 1066 1090
1067 1068
1069 1070
1071 1072 1125
1073 1074
1075 1076 2935
1077 1078
1079 1080
1081 1082
1083 1084 4792
1085 1089
1086 1087
1088 1091
1092 1093
1094 1097
1095 1099
1098 1100
1101 1102 1107
1103 1104
1105 1106
1108 1109
1110 1111 1160
1112 1114
1116 1117 1120
1118 1119
1121 1122
1123 1124
1126 1127
1128 1129
1130 1131
1132 1133 1134
1135 1136 1151
1137 1138
1139 1141
1140 1145
1142 1143
1144 1146
1147 1148
1149 1152
1150 1153
1154 1155 3002
1156 1157
1158 1159
1161 1162
1163 1164 3318
1165 1166
1167 1168 3475
1169 1170
1171 1172 1206
1173 1174
1175 1176
1177 1178
1179 1180 3484
1181 1182
1183 1187
1184 1185
1188 1189 1412
1190 1191
1192 1193 3615
1194 1195
1196 1197 1198
1199 1200
1201 1202
1203 1205 1209
1207 1208
1210 1211
1212 1214
1213 1215
1216 1217
1218 1220
1219 1222
1221 1223
1225 1226
1227 1228 4062
1229 1230 1286
1231 1232
1233 1234
1235 1239
1236 1240
1237 1238
1241 1242
1243 1244
1245 1248
1246 1251
1247 1252
1249 1250
1253 1254
1255 1256 1260
1257 1258
1259 1261
1262 1263 1284
1264 1265
1266 1268
1267 1269
1270 1271
1272 1273
1274 1275
1276 1277 4946
1278 1281
1279 1280
1282 1283
1285 1287
1288 1289
1290 1291 1333
1292 1293 1371
1294 1295
1296 1297 1303
1298 1304
1299 1301
1300 1302
1305 1306
1307 1308 1323
1309 1310
1311 1312
1313 1314
1315 1318
1316 1317
1319 1322
1320 1321
1324 1325
1326 1327 1348
1328 1329
1330 1331
1332 1334
1335 1336
1337 1338
1339 1340
1341 1342
1343 1356
1344 1345
1346 1357
1347 1358
1349 1350
1351 1360
1352 1359
1353 1355
1361 1362
1363 1364 1380
1365 1366
1367 1368
1369 1370 1376
1372 1373
1374 1375
1377 1378
1379 1381 3953
1382 1384
1383 1386
1385 1387
1388 1389
1390 1391 1394
1392 1396
1393 1395
1397 1398
1399 1400 1414
1401 1402
1403 1404 1416
1405 1406
1407 1408
1409 1410 1422
1411 1413
1415 1420
1417 1418
1419 1421
1423 1424
1425 1426 1427
1428 1430
1429 1431
1432 1433 1434
1435 1436 1441
1437 1438
1439 1440 1442
1443 1444
1445 1446
1447 1448
1449 1450
1451 1452
1453 1457
1454 1456
1455 1459
1458 1460
1461 1462
1463 1464
1465 1466
1467 1468 3980
1469 1470 1491
1471 1472
1473 1474
1475 1476
1477 1478
1479 1480
1481 1482
1483 1484
1485 1486
1487 1488
1489 1490
1492 1493
1494 1495 1501
1496 1497
1498 1502
1499 1500
1503 1504
1505 1507
1506 1508
1509 1511
1510 1512
1513 1521
1514 1515
1516 1518
1517 1520
1522 1523
1524 1525 1527
1526 1529
1528 1532
1530 1531
1533 1535
1534 1536
1537 1539
1538 1542
1540 1541
1543 1544
1545 1546 1548
1547 1549
1550 1551
1552 1553 1555
1554 1556 1572
1557 1558
1559 1560
1561 1562
1563 1564
1565 1568
1566 1569
1567 1570
1571 1574
1573 1582
1576 1579
1577 1578
1580 1586
1581 1587
1583 1584
1585 1588
1589 1590 1630
1591 1592
1593 1598
1594 1597
1595 1599
1596 1602
1600 1601
1603 1604
1605 1606 4061
1607 1609
1608 1610
1611 1612
1613 1614
1615 1616
1617 1618 1626
1619 1620
1621 1622
1623 1625
1624 1634
1627 1631
1628 1633
1632 1638
1635 1636
1637 1639
1640 1641
1642 1643 1644
1645 1646
1647 1648
1649 1650 1664
1651 1652 1656
1653 1654
1655 1657
1658 1659
1660 1661
1662 1663
1665 1666
1667 1668
1669 1670
1671 1672
1673 1674
1675 1676 1681
1677 1678
1679 1682
1680 1683
1684 1685
1686 1692
1687 1696
1688 1691
1689 1693
1690 1695
1694 1697
1698 1699 1760
1700 1701
1702 1703 1707
1704 1705
1706 1708
1709 1711
1710 1712
1713 1714 1755
1715 1716
1717 1718
1719 1720
1721 1722
1723 1724
1725 1726
1727 1728
1729 1730
1731 1733
1732 1737
1734 1735
1736 1739
1738 1740
1741 1742
1743 1747
1744 1748
1745 1746
1749 1750
1751 1752
1753 1756
1754 1759
1757 1758
1761 1764
1762 1766
1763 1765
1767 1768 1780
1769 1770
1771 1772
1773 1774
1775 1776
1777 1778
1779 1781
1782 1783 1797
1784 1785
1786 1787 1792
1788 1789
1790 1791
1793 1794
1795 1796
1798 1799
1800 1801 1804
1802 1805
1803 1806
1807 1808
1809 1810
1811 1812
1813 1814
1815 1816
1817 1818
1819 1820 1853
1821 1822
1823 1824
1825 1826
1827 1828
1829 1830 1850
1831 1832 1841
1833 1835
1834 1843
1836 1837
1838 1839
1840 1847
1842 1844
1845 1846
1848 1852
1849 1851
1854 1855
1856 1857 1902
1858 1859 1862
1860 1861
1863 1864
1865 1866 1918
1867 1869
1868 1872
1870 1871
1873 1874 1882
1875 1876
1877 1879
1878 1881
1880 1883
1884 1885
1886 1888 1889
1890 1891
1892 1893
1894 1895 1904
1896 1899
1897 1898
1900 1901
1903 1905
1906 1907
1908 1909
1910 1911
1912 1913
1914 1915
1916 1917 1919
1920 1921
1922 1923 1926
1924 1925
1927 1928
1929 1930
1931 1932
1933 1934
1935 1936
1937 1938
1939 1940 1978
1941 1946
1942 1945
1943 1944
1947 1948
1949 1950
1951 1952
1953 1958
1954 1956
1955 1957
1959 1960
1961 1963
1962 1964
1965 1966
1967 1968 2157
1969 1970
1971 1972
1973 1974
1975 1977
1976 1979
1980 1981
1982 1983
1984 1989
1985 1990
1986 1988
1987 1993
1991 1992
1994 1996
1995 1997
1998 2003
1999 2000
2002 2004
2005 2006 2008
2007 2009
2010 2011
2012 2013
2014 2015
2016 2017
2018 2020
2019 2022
2021 2023
2024 2025
2026 2027 2210
2028 2029
2030 2031 2045
2032 2034
2033 2036
2035 2047
2037 2048
2038 2050
2039 2049
2040 2046
2041 2044
2042 2043
2051 2052
2053 2054
2055 2056 2068
2057 2058
2059 2060
2061 2062
2063 2064
2065 2066 2067
2069 2070
2071 2072 2341
2073 2074
2075 2076
2077 2078
2079 2083
2080 2081
2082 2085
2084 2086
2087 2088
2089 2092
2090 2091
2093 2094
2095 2096
2097 2098
2099 2100 2117
2101 2112
2102 2103
2104 2105
2106 2118
2107 2109
2108 2110
2111 2124
2113 2121
2114 2116
2115 2122
2119 2128
2120 2129
2123 2132
2125 2126
2127 2130
2131 2134
2133 2135
2136 2138
2137 2139
2140 2141 2334
2142 2143
2144 2145
2146 2147
2148 2149 2214
2150 2151
2152 2153 2219
2154 2155
2156 2158
2159 2160
2161 2162 2163
2164 2165 2173
2166 2167
2168 2176
2169 2170
2171 2172
2174 2175
2177 2178 2199
2179 2180
2181 2182
2183 2184
2185 2186 2404
2187 2188
2189 2190
2191 2192
2193 2194
2195 2196
2197 2200
2198 2201
2202 2203
2204 2205 2569
2206 2207 2212
2208 2209
2211 2224
2213 2223
2215 2218
2216 2231
2217 2232
2220 2230
2221 2233
2222 2226
2227 2228
2229 2236
2234 2237
2238 2239
2240 2241
2242 2243 2245
2244 2246
2247 2248
2249 2250
2251 2252 2446
2253 2255
2254 2256
2257 2260
2258 2259
2261 2262 2479
2263 2265
2264 2266
2267 2270
2268 2273
2269 2274
2271 2272
2275 2276
2277 2278
2279 2280 2282
2281 2283
2284 2289
2285 2286
2287 2288
2290 2291
2292 2293
2294 2295 2596
2296 2297
2298 2299
2300 2301
2302 2303
2304 2305
2306 2307 3074
2308 2309
2311 2312
2313 2314
2315 2318
2316 2320
2317 2319
2321 2331
2322 2326
2323 2325
2324 2333
2327 2329
2328 2330
2332 2335
2336 2337
2338 2339
2340 2342
2343 2344
2345 2346
2348 2349
2350 2351
2352 2353
2354 2357
2355 2356
2358 2360
2359 2361
2362 2363
2364 2365
2366 2367
2369 2370
2371 2374
2372 2373
2375 2376
2377 2378
2379 2382
2380 2381
2383 2384
2385 2386 2392
2387 2394
2388 2393
2389 2396
2391 2395
2397 2403
2398 2399
2400 2410
2401 2408
2402 2405
2406 2411
2407 2409
2412 2413 3575
2414 2415
2416 2417
2418 2419
2420 2421
2422 2423 2440
2424 2426 2480
2425 2432
2427 2430
2428 2429
2431 2433
2434 2435
2436 2439
2437 2441
2438 2442
2443 2444
2445 2447
2448 2451
2449 2450
2452 2453
2454 2455
2456 2457 2464
2458 2459
2460 2461
2462 2463
2465 2466
2467 2468
2469 2470
2471 2472
2473 2474
2475 2476
2477 2478
2481 2482
2483 2484
2485 2486
2487 2488
2489 2490
2491 2492
2493 2494
2495 2496
2497 2500
2498 2499
2501 2502
2503 2504
2505 2506 2529
2507 2508 2510
2509 2511
2512 2513 2521
2514 2515
2516 2517
2518 2520
2522 2523 2542
2524 2525
2526 2527
2528 2530 2539
2531 2532
2533 2540
2534 2535
2536 2543
2537 2546
2538 2545
2541 2544
2547 2548 2553
2549 2550 2601
2551 2558
2552 2556
2554 2557
2555 2560
2559 2561
2562 2563
2564 2565
2566 2571
2567 2570
2568 2572
2573 2581
2574 2576
2575 2579
2577 2586
2578 2583
2580 2585
2582 2584
2587 2588
2589 2590
2591 2592
2593 2594
2595 2598
2597 2599
2600 2602
2603 2604
2605 2606
2607 2608
2609 2611
2610 2614
2612 2613
2615 2616
2617 2618
2619 2620
2621 2622
2624 2625
2626 2627
2628 2629
2630 2631
2632 2634
2633 2635
2636 2637
2638 2642
2639 2640
2641 2643
2644 2645
2646 2647 2659
2648 2649
2650 2651
2652 2653
2654 2660
2655 2656
2657 2658
2661 2662 2668
2663 2664
2665 2666
2667 2669
2670 2671
2672 2673
2674 2675
2676 2677
2678 2680
2679 2681
2682 2683
2684 2685 2693
2686 2687
2688 2689
2690 2691 2698
2694 2695
2697 2699
2700 2701
2702 2703 2740
2704 2705
2706 2712
2707 2709
2708 2710
2711 2713
2714 2715
2716 2717
2718 2719
2720 2724
2721 2731
2722 2727
2723 2725
2726 2728
2729 2730
2732 2733
2734 2735 2945
2736 2738
2737 2743
2739 2741
2742 2744
2745 2748
2746 2752
2747 2750
2749 2751
2753 2754
2755 2758
2756 2759
2757 2760
2761 2762
2763 2764 2765
2766 2767 2778
2768 2769
2770 2771
2772 2773
2774 2775 2791
2776 2777
2779 2780 2846
2781 2782
2783 2784
2785 2786
2787 2788
2789 2790
2792 2796
2793 2794
2795 2797
2798 2799 2861
2800 2801
2802 2803
2804 2805 2825
2806 2807
2808 2809
2810 2811
2812 2813
2814 2815
2816 2817 2867
2818 2820
2819 2821
2822 2823
2824 2826
2827 2828
2830 2831
2832 2833 2876
2834 2838
2835 2839
2836 2837
2840 2841
2842 2843 2890
2844 2845
2847 2848
2849 2850 2855
2851 2852
2853 2854 2953
2856 2857
2858 2860
2859 2865
2862 2863
2864 2866
2868 2869
2870 2871
2872 2873 3016
2874 2879
2875 2881
2877 2882
2878 2880
2883 2885
2884 2888
2886 2887
2889 2891 2892
2893 2896
2894 2895
2897 2898
2899 2900 2922
2901 2913
2902 2907
2903 2905
2904 2909
2906 2908
2910 2912
2911 2914
2915 2920
2916 2917
2918 2924
2919 2923
2921 2926
2925 2928
2927 2929
2930 2931
2932 2933 2939
2934 2936
2937 2938
2940 2943
2941 2942
2944 2946
2947 2948
2949 2950
2951 2957
2952 2956
2954 2955
2958 2959
2960 2961
2962 2963
2964 2965
2966 2967 3673
2968 2969
2970 2971
2972 2973
2974 2975
2976 2977
2978 2979
2980 2981
2982 2983
2984 2986
2985 2987
2988 2989
2990 2991
2992 2993
2994 2995
2996 3005
2997 2998
2999 3000
3001 3006
3003 3004
3007 3008
3009 3010
3011 3012
3013 3017
3014 3015
3018 3019
3020 3021
3022 3023 3027
3024 3025 3756
3026 3028
3029 3030
3031 3032
3033 3034
3035 3037
3036 3039
3038 3047
3040 3044
3041 3043
3042 3048
3045 3046
3049 3052
3050 3051
3053 3055
3054 3056
3057 3058
3059 3062
3060 3061
3063 3064
3065 3066
3067 3068
3069 3070 3076
3072 3073
3075 3077 4411
3078 3079
3080 3081
3082 3085
3083 3084
3086 3087
3088 3089
3090 3093
3091 3092
3095 3096 3099
3097 3098
3100 3101
3102 3104
3103 3105
3106 3107
3108 3109
3110 3113
3111 3112
3114 3115
3116 3117
3118 3119
3121 3122 3125
3123 3124
3126 3127
3128 3129
3130 3131
3132 3133
3134 3135
3136 3137 3147
3138 3139
3140 3141
3142 3143
3144 3145 3146
3148 3149
3150 3151
3152 3153 3158
3154 3155
3156 3161
3157 3162
3159 3160
3163 3164
3165 3166 3171
3167 3168
3169 3170
3172 3173 3174
3175 3176
3177 3178
3179 3182
3180 3183
3181 3184
3185 3186
3187 3188
3189 3190
3191 3193
3192 3194
3195 3201
3196 3198
3197 3200
3199 3202
3203 3204
3205 3206
3207 3208
3209 3210
3211 3212
3213 3214
3216 3219
3217 3221
3218 3220
3222 3223
3224 3225
3226 3227
3228 3229
3230 3231
3232 3237
3233 3234
3235 3236
3238 3239 3246
3240 3241
3242 3243
3245 3247
3248 3249 3250
3251 3252
3253 3254
3255 3256 3259
3257 3258
3260 3265
3261 3262
3263 3264
3266 3267 3276
3268 3269
3270 3271
3272 3273
3274 3275
3277 3278
3279 3280
3281 3282
3283 3284
3285 3288
3286 3290
3287 3289
3291 3292
3293 3294 3299
3295 3296
3297 3298
3300 3301 3302
3303 3305
3304 3306
3307 3308 3330
3309 3310
3311 3312
3313 3314
3315 3316
3317 3319
3320 3321
3322 3323
3324 3325
3326 3327
3328 3329
3331 3332 3439
3333 3334
3335 3336
3337 3338 4462
3339 3340
3341 3342
3343 3344
3345 3346
3347 3348
3349 3350
3351 3352 3359
3353 3355
3354 3361
3356 3357
3358 3360
3362 3363 3368
3364 3365
3366 3367
3369 3371
3370 3372
3373 3378
3374 3381
3375 3383
3376 3377
3379 3380
3382 3388
3384 3385
3386 3387
3389 3390 3396
3391 3392
3393 3394
3395 3398
3397 3402
3400 3401
3403 3404
3405 3406 3425
3407 3408
3409 3412
3410 3411
3413 3414
3415 3416
3417 3423
3418 3421
3419 3420
3424 3426
3427 3428
3429 3430
3431 3432
3433 3434
3435 3436 4573
3437 3438
3440 3441 3442
3443 3444
3445 3446
3447 3448
3449 3450
3451 3452
3453 3454
3455 3456
3457 3460
3458 3459
3461 3462
3463 3468
3464 3465
3466 3467
3469 3470
3471 3472
3473 3474
3476 3477 3480
3478 3479
3481 3482
3483 3485
3486 3487
3488 3489
3490 3491 3492
3493 3494
3495 3496 3497
3498 3499
3500 3501 3513
3502 3503
3504 3505 3539
3506 3508
3507 3510
3509 3511
3512 3514
3515 3516
3517 3518 3542
3519 3522
3520 3521
3523 3524
3525 3526
3527 3528 3547
3529 3530
3531 3532 3627
3533 3534 3538
3535 3536
3537 3541
3540 3543
3544 3545 3620
3546 3548
3549 3550
3551 3552
3553 3554
3555 3559
3556 3558
3557 3560
3561 3562
3563 3564
3565 3566
3567 3568 3630
3569 3570
3571 3572
3573 3574
3576 3577
3578 3579
3580 3581
3582 3583 3601
3584 3585
3586 3589
3587 3588
3590 3591
3593 3594
3595 3596 3618
3597 3598
3599 3600
3602 3603 3604
3605 3606 3895
3607 3612
3608 3617
3609 3614
3610 3611
3613 3616
3619 3623
3621 3624
3622 3625
3626 3631
3628 3634
3629 3632
3633 3636
3635 3639
3637 3638
3640 3641
3642 3643
3644 3645
3646 3647
3648 3651
3649 3650
3652 3653
3654 3655
3656 3657 3681
3658 3659
3660 3661
3662 3663 4192
3664 3665
3666 3667 3679
3668 3669
3670 3671 3672
3674 3675
3676 3677
3678 3680
3682 3683
3684 3685
3686 3687
3688 3689 3696
3690 3691
3692 3693
3694 3695
3697 3698
3699 3701
3700 3702
3703 3704
3705 3706 3715
3707 3712
3708 3709
3710 3711
3713 3714
3716 3717
3718 3719
3720 3722
3721 3726
3723 3724 4204
3725 3727
3728 3729
3730 3732
3731 3734
3733 3735
3736 3737
3738 3741
3739 3740
3742 3747
3743 3744
3745 3746
3748 3749
3750 3751
3752 3753 3767
3754 3755
3757 3758
3759 3760
3761 3762
3763 3764 3766
3765 3769
3768 3770
3771 3772 3777
3773 3774 3780
3775 3778
3776 3782
3779 3784
3781 3786
3783 3787
3785 3788
3789 3790
3791 3792
3793 3794 3799
3795 3798
3796 3797
3800 3801
3802 3805
3803 3804
3806 3807
3808 3809
3810 3811 3815
3812 3813
3814 3816
3817 3818 3819
3820 3821 4443
3822 3823
3824 3825
3826 3827 3828
3829 3830 3831
3832 3839
3833 3834
3835 3836
3837 3838
3840 3841
3842 3843 3853
3844 3845 3849
3846 3847
3848 3850
3851 3852
3854 3855 3856
3857 3860
3858 3862
3859 3861
3863 3864
3865 3866
3867 3868
3869 3872
3870 3871
3873 3875
3874 3876
3877 3878 3883
3879 3880
3881 3882
3884 3885
3886 3887
3888 3889
3890 3893
3891 3892
3894 3896
3897 3899
3900 3901
3902 3903 3974
3904 3905
3906 3907
3908 3909
3910 3911
3912 3913
3914 3915
3916 3917
3918 3919
3920 3921
3922 3923
3924 3925
3926 3927 3949
3928 3929 3945
3930 3931
3932 3933
3934 3935 3937
3936 3940
3938 3939
3941 3942
3943 3946
3944 3948
3947 3950
3951 3952 3979
3954 3955
3956 3957
3958 3959 3978
3960 3961
3962 3963
3964 3965
3966 3967
3968 3969
3970 3971 3982
3972 3977
3973 3975
3976 3981
3983 3984
3985 3986
3987 3989
3988 3992
3990 3991
3993 3994 4013
3995 4001
3996 3998
3997 3999
4000 4007
4002 4010
4003 4004
4005 4009
4006 4028
4008 4011
4012 4015
4014 4030
4016 4021
4017 4018
4019 4032
4020 4025
4022 4038
4023 4024
4026 4031
4027 4033
4029 4034
4035 4036
4037 4039
4040 4042
4041 4043
4044 4045 4046
4047 4048
4049 4050
4051 4054
4052 4053
4055 4056 4075
4057 4058 4901
4059 4060
4063 4064
4065 4070
4066 4068
4067 4069
4071 4072
4073 4074
4076 4077 4483
4078 4079
4080 4081 4086
4082 4083 4092
4084 4085
4087 4089
4088 4091
4090 4093
4094 4095
4096 4097
4098 4099 4634
4100 4101 4159
4102 4103
4104 4105 4106
4107 4108
4109 4111 4116
4112 4113
4114 4115
4117 4120
4118 4119
4121 4122
4123 4124
4125 4126
4127 4128
4129 4130
4131 4132 4208
4133 4134
4135 4136
4137 4138
4139 4140 4161
4141 4142
4143 4144
4145 4146 4178
4147 4148
4149 4150
4151 4152
4153 4154
4155 4156
4157 4158
4160 4164
4162 4169
4163 4166
4165 4167
4168 4170
4171 4172
4173 4181
4174 4183
4175 4180
4176 4179
4177 4184
4182 4185
4186 4187
4188 4189 4197
4190 4191
4193 4194 4912
4195 4198
4196 4203
4199 4201
4200 4202
4205 4206
4207 4210
4209 4213
4211 4214
4212 4215
4216 4217
4218 4219
4220 4221 4222
4223 4224
4225 4226
4227 4228 4767
4229 4230 4254
4231 4232
4233 4234
4235 4236
4237 4238
4239 4240
4241 4242 4243
4244 4245
4246 4247
4248 4249 4308
4250 4251 4265
4252 4253
4255 4256 4849
4257 4258
4259 4260 4904
4261 4263
4262 4264
4266 4267
4268 4277
4269 4270
4272 4276
4273 4282
4274 4285
4275 4284
4278 4280
4279 4281
4283 4286
4287 4288
4289 4292
4290 4291
4293 4294
4295 4296
4297 4298
4299 4300
4301 4302
4303 4304 4307
4306 4309
4310 4311
4312 4313
4314 4315
4316 4319
4317 4318
4320 4322
4321 4323
4324 4325
4326 4327
4328 4329
4330 4335
4331 4333
4332 4344
4334 4337
4336 4345
4338 4339
4340 4341
4342 4343
4346 4347
4348 4349
4350 4351 4379
4352 4353 4363
4354 4355 4359
4356 4357
4358 4360
4361 4362 4385
4364 4365 4406
4366 4369
4367 4370
4368 4371
4372 4373
4374 4375
4376 4377
4378 4380
4381 4382
4383 4386
4384 4394
4387 4388
4389 4390
4391 4392
4393 4395
4396 4397
4398 4399
4400 4402
4401 4404
4403 4405
4407 4408
4409 4410 4415
4412 4413
4414 4416
4417 4418 4423
4419 4420
4421 4422
4424 4425
4426 4427
4428 4430
4429 4431
4432 4433
4434 4436
4435 4437
4438 4439
4440 4441 4446
4442 4445
4444 4447
4448 4449
4450 4451
4452 4455
4453 4454
4456 4457
4458 4459 4471
4460 4461
4463 4464 4482
4465 4468
4466 4473
4467 4469
4470 4472
4474 4475
4476 4477 4991
4478 4479
4480 4484
4481 4487
4485 4486
4488 4489
4491 4492
4493 4494
4495 4496
4497 4498 4524
4499 4500
4501 4502
4503 4504
4505 4506
4507 4508 4529
4509 4510
4511 4514
4512 4513
4515 4516
4517 4518
4519 4520 4548
4521 4522
4523 4525
4526 4527
4528 4530
4531 4534
4532 4536
4533 4535
4537 4538
4539 4540
4541 4542 4543
4544 4545 4579
4546 4547
4549 4550 4619
4551 4552
4553 4554 4652
4555 4556
4557 4558
4559 4560
4561 4562
4563 4564
4565 4566 4658
4567 4568
4569 4570
4571 4572
4574 4575 4577
4576 4578
4580 4581
4582 4583
4584 4585 4601
4586 4587
4588 4589
4590 4592
4591 4594
4593 4596
4595 4597
4598 4599 4606
4600 4602
4603 4604
4605 4607
4608 4609
4610 4611
4612 4614
4613 4615
4616 4617
4618 4620
4621 4623
4622 4624
4625 4626 4635
4627 4628
4629 4630
4631 4632
4633 4636
4637 4638
4639 4640
4641 4642
4643 4644 4647
4645 4646
4648 4649
4650 4653
4651 4655
4654 4656
4657 4661
4659 4660
4662 4666
4663 4664
4665 4667
4668 4670
4669 4674
4671 4675
4672 4673
4676 4677
4678 4679
4680 4681
4682 4683
4684 4685
4686 4687
4688 4689
4690 4691 4696
4692 4693
4694 4695
4697 4705
4698 4699
4700 4702
4701 4704
4703 4706
4707 4710
4708 4709
4711 4712
4713 4714 4717
4715 4716
4718 4719
4720 4721
4722 4723
4724 4725 4748
4726 4727
4728 4729
4730 4731 4735
4732 4733
4734 4736
4737 4738 4749
4739 4747
4740 4746
4741 4745
4742 4743
4744 4750
4751 4752
4753 4754
4755 4756
4757 4758
4759 4760 4761
4762 4763
4764 4765 4803
4766 4768
4769 4770
4771 4772 4774
4773 4775
4776 4777
4778 4779 4902
4780 4781 4787
4782 4783 4788
4784 4786
4785 4789
4790 4791 4828
4793 4795
4794 4798
4796 4797
4799 4800
4801 4802
4804 4805 4841
4806 4807
4808 4809
4810 4811
4812 4813
4814 4816 4831
4817 4818
4819 4824
4820 4821
4822 4823
4825 4826
4827 4829
4830 4837
4832 4840
4833 4834
4835 4838
4836 4839
4842 4845
4843 4844
4846 4847
4848 4850
4851 4852 4860
4853 4854
4855 4857
4856 4858
4859 4861
4862 4863
4864 4865
4866 4867
4868 4869
4870 4872
4871 4873
4874 4875 4945
4876 4877
4878 4879 4916
4880 4881
4882 4883
4884 4885
4886 4887
4888 4891
4889 4890
4892 4893
4894 4895
4896 4897
4898 4899
4900 4903
4905 4906
4907 4911
4908 4909
4910 4914
4913 4915
4917 4918
4919 4920
4921 4922
4923 4924
4925 4926
4927 4928
4929 4930
4931 4932
4933 4935
4934 4936
4937 4938
4939 4940
4941 4942
4943 4944
4947 4948
4949 4953
4950 4951 4956
4952 4954
4955 4959
4957 4958
4960 4961
4962 4963
4964 4965
4966 4967
4968 4969
4970 4971
4972 4973
4974 4975
4976 4977
4978 4979
4980 4981
4982 4983
4984 4985
4986 4987
4988 4989 5000
4990 4993
4992 4994
4995 4996
4997 4998
4999
