48
53
30
49
35
35
38
31
32
47
47
53
32
50
36
32
50
52
35
27
32
44
51
54
36
52
51
28
32
50
33
50
52
29
34
29
34
31
32
52
36
45
45
51
31
35
51
30
29
34
28
31
29
56
51
31
31
39
29
51
32
35
32
47
47
48
52
45
48
31
32
35
34
32
45
54
35
37
52
35
31
51
27
50
31
30
49
36
53
34
31
30
38
46
36
49
44
35
38
32
49
35
54
37
46
34
51
50
52
34
55
36
33
46
50
51
48
32
28
31
36
32
51
36
30
30
30
47
51
53
48
50
48
51
44
53
51
38
33
36
34
52
33
51
50
35
31
33
50
54
36
33
36
52
55
36
32
40
49
54
35
50
34
35
45
46
48
35
49
32
50
31
30
35
50
45
51
28
47
37
53
34
28
33
51
46
35
55
32
33
30
48
48
52
47
53
54
49
49
31
50
49
37
33
52
50
30
30
49
46
54
35
52
47
32
37
30
35
28
37
35
35
36
51
38
50
53
36
52
33
52
47
47
48
33
50
56
54
34
33
35
50
22
52
30
52
47
48
32
45
50
30
35
34
53
51
32
33
35
35
38
51
35
32
29
47
53
51
40
25
49
34
49
46
50
51
35
34
50
53
30
53
33
34
47
38
32
35
47
39
36
54
30
32
48
50
51
48
31
47
35
26
47
50
34
51
33
31
48
36
36
54
49
30
28
49
55
43
36
47
42
47
33
54
36
45
34
49
29
50
28
51
31
32
48
33
39
31
33
50
48
36
35
33
31
30
54
34
45
34
50
50
53
52
34
50
29
31
51
51
33
27
55
49
48
50
31
51
52
31
50
48
29
37
49
34
31
32
33
52
49
48
31
51
29
47
51
45
31
31
33
31
32
47
35
35
35
34
30
30
37
26
34
49
51
33
34
52
49
46
31
30
31
33
27
50
45
44
32
32
49
53
48
49
30
36
49
32
37
34
47
48
31
53
49
39
50
31
37
53
33
34
49
32
31
53
38
52
31
49
28
33
36
31
32
49
32
35
27
33
34
48
52
33
40
31
37
31
40
49
49
51
47
46
34
53
51
32
47
30
55
50
48
52
54
34
50
35
35
50
31
34
35
51
50
30
40
28
33
50
52
34
29
32
56
52
34
38
30
50
50
33
49
50
32
48
53
38
53
37
51
48
55
48
53
50
49
38
34
28
38
33
33
46
35
33
49
37
30
56
38
56
46
52
53
33
47
50
30
36
32
47
50
53
30
46
31
30
47
53
33
28
48
49
36
51
52
36
31
49
49
35
48
48
48
33
57
52
36
48
34
57
46
32
32
37
35
35
32
33
32
48
54
32
52
47
49
53
47
30
51
50
35
46
51
33
27
30
46
45
53
48
50
47
32
52
46
51
53
34
51
39
31
50
50
32
33
30
50
35
48
30
34
55
34
32
30
53
33
45
54
53
33
51
36
33
35
45
49
50
51
34
34
36
54
33
34
32
45
35
48
47
48
33
35
53
35
37
51
42
33
37
47
32
46
27
46
39
49
49
51
29
52
33
49
47
28
39
53
35
50
34
38
51
29
48
52
32
35
33
34
29
34
31
49
51
39
49
48
44
52
38
30
38
37
29
28
31
48
33
57
54
33
34
49
53
50
34
32
50
48
36
51
30
46
59
33
31
33
50
50
50
49
29
51
33
48
35
51
49
35
54
30
35
34
51
28
51
32
28
30
48
51
28
33
49
50
46
33
51
54
31
52
33
31
48
29
35
54
32
34
50
31
48
48
47
50
50
54
35
30
47
32
34
52
34
53
51
41
46
46
31
51
48
47
50
30
50
47
29
33
52
37
30
35
47
28
52
37
33
51
52
49
51
46
48
46
34
50
28
33
48
52
36
52
43
34
29
47
52
35
25
55
32
51
50
53
31
50
37
32
30
34
35
38
31
30
50
56
52
32
38
48
53
51
51
33
47
34
39
33
46
38
32
51
53
52
37
30
36
51
51
55
47
45
30
54
50
49
49
31
48
31
46
50
36
29
47
52
51
36
48
33
31
48
50
29
54
35
41
48
44
45
52
52
48
33
32
40
48
50
32
35
45
45
34
36
31
49
48
46
50
52
47
31
32
26
51
31
53
53
47
48
55
33
47
49
31
33
33
31
49
54
58
46
52
34
52
46
33
34
53
38
47
31
45
32
33
32
49
26
53
53
51
56
50
52
35
50
52
31
35
37
34
31
29
31
35
51
36
48
52
54
38
49
33
34
48
48
49
