55
30
51
33
35
36
34
30
33
51
28
30
51
29
34
52
50
50
54
49
51
30
38
35
30
38
35
46
33
47
31
30
51
37
31
52
33
34
45
47
28
31
52
32
46
35
49
53
34
34
35
30
35
30
34
50
35
32
31
30
49
51
50
38
49
30
54
49
56
31
32
49
35
56
46
52
49
33
36
51
34
54
49
48
52
28
30
52
52
52
31
52
38
33
29
48
48
50
47
47
50
36
50
36
46
45
30
34
50
34
43
50
29
49
30
34
48
32
45
47
31
35
33
48
53
47
52
30
32
47
46
54
49
38
26
31
50
45
38
34
49
48
31
51
48
51
48
34
48
34
51
31
35
32
34
50
50
32
33
36
27
46
51
52
32
48
34
36
54
35
47
50
29
49
31
52
48
48
30
49
51
52
37
52
35
50
50
35
34
49
49
49
28
56
51
55
48
52
31
28
51
30
50
49
51
45
47
36
32
47
29
36
29
34
35
57
40
28
41
35
46
32
44
39
52
49
33
50
35
48
38
53
54
33
34
35
33
35
36
49
50
50
28
36
31
35
49
38
31
53
48
54
51
34
47
52
34
53
34
51
47
38
38
29
27
35
31
48
51
30
39
36
28
36
30
34
30
46
34
32
45
56
50
52
47
36
50
32
51
50
28
53
27
33
27
26
35
34
52
29
49
49
37
32
34
31
34
46
53
53
29
32
49
35
32
46
32
35
42
32
30
33
30
48
32
47
48
49
27
34
51
31
35
36
50
34
34
53
31
37
49
51
49
54
50
33
53
54
34
48
36
48
29
31
53
31
54
51
48
52
47
53
26
47
35
31
28
52
38
32
30
50
33
50
49
50
51
43
51
33
27
37
33
49
48
41
45
49
57
32
51
32
30
29
33
35
36
33
47
46
49
33
31
35
52
52
51
46
51
51
39
33
47
30
39
49
40
57
52
31
30
31
28
43
28
35
32
32
51
38
44
30
33
31
50
36
50
31
48
34
50
37
39
55
51
57
35
53
33
50
48
39
34
32
50
35
37
47
51
32
53
52
29
30
51
36
49
52
34
32
39
49
53
53
40
49
38
54
47
51
49
52
47
48
27
51
35
51
54
31
33
33
34
50
49
50
49
36
27
53
29
46
33
23
35
35
29
49
50
29
47
49
34
50
44
49
56
46
33
32
46
29
48
53
54
32
35
32
53
50
52
50
36
47
49
33
36
49
48
53
46
36
51
47
34
48
54
49
36
46
31
34
32
29
33
31
48
37
49
27
27
33
30
48
54
45
31
50
52
38
43
50
35
30
34
48
47
29
51
32
53
49
51
28
54
30
36
48
31
32
29
31
51
56
27
54
49
51
52
49
37
34
31
31
54
50
28
36
27
37
46
50
48
47
48
32
52
32
32
35
50
33
58
46
46
38
33
33
36
51
29
50
52
35
51
37
47
46
35
32
49
48
49
48
49
49
34
33
51
47
36
50
38
34
26
33
46
55
36
49
28
32
30
53
35
51
49
51
52
35
52
28
33
31
47
49
35
53
35
53
28
47
51
31
35
51
48
30
32
45
25
45
29
52
39
26
37
32
36
50
51
38
36
46
30
28
52
55
33
48
28
36
52
52
36
35
29
48
46
33
33
32
34
39
48
48
34
50
54
33
48
51
52
31
49
44
30
37
51
48
48
54
49
33
51
45
52
52
31
39
36
51
32
33
37
46
51
30
51
28
49
32
31
54
29
30
33
30
48
45
31
47
45
51
34
53
48
53
52
50
29
51
34
54
44
49
31
52
51
34
32
32
49
50
30
29
46
48
36
46
39
53
35
49
51
49
27
33
55
49
34
52
37
30
29
40
47
35
45
57
50
52
32
48
33
51
33
33
48
50
51
52
47
29
49
54
33
30
37
38
53
36
48
44
27
35
49
54
32
27
47
34
35
33
50
48
53
49
31
30
47
35
49
56
52
51
53
54
32
46
54
25
31
52
53
48
30
44
54
50
54
34
52
52
30
49
33
54
40
46
50
37
57
52
50
53
48
51
30
49
34
30
50
50
34
31
32
56
33
53
35
33
29
35
37
35
52
45
47
52
32
52
50
34
50
32
30
36
48
51
28
49
34
34
50
33
50
51
54
48
37
32
32
31
35
37
30
48
34
50
51
34
50
35
31
34
34
51
39
52
30
51
26
50
25
34
50
46
31
35
31
32
28
50
49
32
50
49
53
50
54
47
33
49
35
53
50
33
48
29
36
31
45
56
49
50
49
28
51
40
