44
54
49
30
44
38
54
35
50
49
34
32
49
33
34
31
31
45
48
51
32
34
32
56
31
52
55
51
50
53
50
47
34
55
36
33
31
34
32
49
50
49
36
34
31
30
34
33
32
34
53
34
53
35
49
50
49
30
31
31
33
35
49
52
35
32
50
34
50
34
50
50
54
51
45
38
47
34
53
52
51
51
33
48
34
50
50
36
33
51
35
52
34
50
33
29
38
31
32
49
39
54
56
54
34
29
38
32
29
50
33
49
54
53
36
33
50
51
46
35
30
31
37
49
29
33
44
32
47
33
25
49
29
56
34
54
49
48
33
34
53
29
55
32
38
38
29
33
48
24
33
53
54
53
31
32
30
29
31
31
49
29
31
55
32
49
35
45
46
31
48
56
34
34
47
29
31
52
34
48
48
32
31
30
33
50
48
35
47
50
45
50
50
51
49
46
51
29
53
47
53
32
34
54
50
32
30
52
35
36
49
33
53
47
32
54
31
49
33
52
52
33
37
52
49
50
46
50
32
52
50
36
35
52
51
47
36
48
32
28
30
38
33
28
50
35
34
35
33
34
32
52
51
51
30
45
55
49
51
50
30
50
47
33
55
46
50
33
39
29
55
31
31
35
46
36
49
50
48
52
34
49
53
34
50
51
32
28
31
36
50
51
48
52
34
36
36
51
34
51
52
46
36
37
52
36
32
52
53
50
51
32
28
52
33
37
53
31
33
33
55
30
52
52
51
52
45
54
51
33
37
55
51
34
54
53
49
50
37
46
32
37
51
58
49
51
29
46
49
33
46
50
51
51
30
52
34
54
54
45
50
34
34
31
49
46
47
33
53
34
50
33
35
30
52
52
36
31
47
33
32
53
53
48
33
35
51
31
32
53
53
38
31
50
46
43
49
33
32
35
34
46
32
50
51
31
52
55
29
36
52
36
50
50
32
55
32
51
32
48
53
28
51
46
51
34
34
34
53
41
32
46
50
54
52
32
50
52
48
36
49
48
50
47
37
55
55
49
53
55
52
46
54
35
29
40
48
33
34
46
51
55
33
50
49
47
27
32
38
27
29
50
54
48
37
51
44
28
46
28
33
29
32
39
45
29
49
32
35
30
32
36
50
28
35
46
32
32
53
46
33
50
34
34
48
56
49
53
35
49
51
34
55
32
38
35
25
46
33
26
32
35
30
31
47
38
30
57
50
33
46
48
50
47
49
33
47
55
51
34
39
34
47
51
29
51
33
52
54
30
54
56
33
34
29
35
32
52
47
53
49
48
35
45
48
51
31
25
51
52
24
55
44
47
36
35
35
29
49
29
34
34
33
30
45
51
31
50
29
30
47
54
34
32
51
34
49
31
57
32
35
31
49
51
32
35
46
43
50
31
52
49
38
32
49
47
51
30
33
35
38
33
35
50
32
34
50
49
34
46
35
27
34
50
47
49
50
49
34
45
49
55
54
29
51
35
37
28
28
31
34
50
34
33
33
46
48
38
47
55
30
35
49
54
56
52
38
31
48
57
51
34
34
38
33
51
26
50
33
32
51
51
31
30
48
53
32
33
39
36
32
50
49
34
34
32
36
30
51
48
55
25
29
48
52
34
27
49
31
49
32
28
33
53
45
54
37
51
51
37
33
52
31
55
31
32
50
54
36
52
48
49
33
46
53
52
52
32
51
32
54
49
47
49
52
48
32
34
48
47
32
49
50
51
33
33
53
38
33
47
51
47
44
52
33
51
32
50
52
36
50
51
32
49
34
35
35
46
40
49
51
53
37
34
37
45
48
51
48
32
35
51
32
53
29
36
30
50
34
54
52
53
31
45
29
54
50
36
55
47
32
33
50
51
36
47
50
31
49
51
34
55
30
31
32
54
28
34
48
35
48
47
46
36
34
25
33
30
30
52
33
35
30
33
34
28
34
45
52
34
35
54
33
27
32
54
55
31
53
47
34
46
54
31
54
48
48
50
33
35
37
33
51
51
31
49
50
31
32
28
45
33
34
54
33
52
29
33
43
49
34
52
33
31
48
31
32
53
29
31
51
33
52
50
49
36
47
30
51
31
37
30
26
51
29
50
33
51
33
49
49
33
54
27
35
50
29
48
46
37
33
54
48
38
48
49
35
51
38
49
35
33
54
28
34
48
35
33
49
52
31
33
36
50
52
26
46
32
31
46
33
51
47
31
31
34
50
30
34
33
53
53
33
33
48
48
32
28
48
53
33
52
35
50
47
31
49
56
29
50
46
52
37
47
29
53
50
28
34
34
