49
30
52
32
53
35
55
51
37
30
48
34
50
47
56
26
52
31
32
48
31
32
30
35
48
53
38
54
47
50
32
36
31
48
49
52
37
34
32
50
47
54
50
32
50
53
30
48
39
52
46
27
33
50
30
51
33
31
50
56
32
45
34
49
32
50
44
47
34
46
37
33
34
51
46
49
28
49
33
52
54
33
47
50
49
52
43
56
53
31
50
56
36
49
57
34
49
36
34
36
36
50
36
53
37
52
54
29
52
34
48
37
53
49
31
28
51
33
52
29
50
52
49
33
47
54
39
35
45
48
33
51
51
50
31
31
49
33
33
29
33
38
46
30
33
47
37
51
57
54
37
54
35
47
49
34
58
45
51
55
29
28
28
51
47
50
30
32
33
50
34
33
32
33
34
36
47
30
39
49
26
55
52
52
50
47
53
31
34
57
52
49
32
30
29
29
49
49
52
34
50
46
54
34
31
34
35
35
45
53
56
31
34
54
49
50
30
50
32
31
46
35
34
34
47
48
28
49
37
30
50
48
31
53
29
34
28
51
56
51
48
48
37
35
34
51
48
47
53
52
45
50
29
38
51
52
51
37
49
46
49
38
47
48
47
50
57
51
49
50
48
52
50
35
35
49
33
25
34
29
31
48
52
55
32
46
41
46
32
47
35
38
36
32
30
50
38
49
51
53
50
37
55
30
53
49
53
24
48
34
53
53
32
34
33
51
37
47
34
35
51
50
47
52
32
51
31
46
47
47
53
35
29
51
36
35
51
34
32
46
27
37
46
52
50
51
35
52
52
33
44
48
49
46
51
30
49
36
52
48
50
48
36
39
46
42
48
36
49
50
27
47
33
32
50
44
34
32
44
54
46
49
26
31
38
33
47
49
49
45
49
31
32
55
48
57
29
32
35
33
48
49
48
49
33
35
52
45
50
37
54
31
46
36
47
44
53
50
37
35
52
51
36
33
34
33
53
52
35
49
32
51
32
49
51
35
53
52
48
50
50
35
38
35
49
36
34
35
56
53
32
33
54
30
50
37
50
28
46
47
50
51
48
26
35
51
32
56
32
44
46
32
32
35
32
31
33
53
43
57
29
31
33
50
36
35
29
46
49
53
52
51
50
40
31
34
33
36
35
46
51
53
33
48
29
43
33
33
34
47
51
44
33
55
39
28
33
38
35
37
39
30
51
53
50
31
50
30
51
51
36
50
31
32
34
34
33
46
29
46
32
30
33
34
53
36
46
50
37
47
47
42
40
53
47
30
32
36
35
32
29
31
48
50
34
33
54
37
37
33
47
48
48
30
50
48
48
56
51
39
37
33
45
50
50
34
52
31
57
53
31
37
30
32
53
48
38
50
30
49
31
55
54
48
27
48
49
51
52
33
54
33
52
53
51
27
50
29
35
37
53
50
46
34
51
36
34
33
32
39
53
48
33
29
32
55
34
35
37
32
53
34
52
51
46
50
32
32
52
50
48
32
53
33
48
35
53
49
43
34
30
37
46
51
35
31
48
35
33
34
48
49
53
46
34
35
53
34
48
36
50
49
49
29
37
32
33
51
51
34
31
51
30
31
49
33
31
52
33
34
50
32
52
32
27
54
29
51
52
55
35
47
33
49
53
29
30
53
35
34
49
23
35
31
33
38
49
37
35
48
34
33
37
35
35
36
34
54
51
32
50
36
36
50
50
38
34
49
34
51
54
35
47
46
50
48
42
54
36
27
52
54
36
35
48
45
38
51
34
32
32
36
31
49
30
31
57
29
37
51
36
35
32
49
50
49
47
50
45
55
27
37
30
47
49
57
48
37
50
56
51
55
51
47
43
48
51
33
54
33
34
34
31
56
53
51
52
36
55
49
32
52
49
50
50
33
50
38
31
25
29
37
31
29
36
32
53
49
47
48
46
32
48
38
47
33
54
30
52
32
50
31
34
29
48
31
35
30
52
51
55
51
35
36
36
54
32
33
31
31
38
32
35
51
35
31
34
28
28
35
50
35
37
51
50
53
36
31
49
50
25
32
53
32
37
33
51
53
53
36
51
28
46
26
29
33
35
50
33
46
48
52
52
33
35
52
51
53
29
54
49
49
49
33
46
34
52
47
41
50
38
34
35
30
29
38
33
40
33
51
49
28
42
55
36
33
55
33
50
51
47
34
34
35
54
30
31
38
27
32
47
35
49
31
52
30
47
32
51
54
48
34
49
50
34
54
56
52
45
44
55
27
56
33
46
36
31
49
35
33
48
50
33
52
50
51
31
42
32
35
