52
28
35
18
53
39
51
46
38
51
25
41
54
51
26
36
50
41
28
13
34
30
20
64
32
33
41
27
57
40
35
51
26
50
49
48
51
53
47
43
31
35
30
47
42
33
57
45
46
17
48
54
25
35
51
51
47
49
55
47
56
42
52
13
56
49
51
51
44
52
24
48
40
52
40
36
48
46
32
63
25
48
32
52
52
47
42
28
56
45
51
46
44
46
44
29
36
50
38
52
42
31
39
32
58
51
49
35
51
49
43
52
11
23
24
42
48
52
45
50
27
44
24
53
31
52
50
25
60
43
27
43
57
36
46
43
10
39
51
32
43
32
57
47
57
47
41
23
32
26
50
3
20
53
51
41
49
40
25
46
58
33
21
51
24
25
39
52
55
42
52
48
47
53
49
55
21
51
35
54
46
48
49
54
45
35
37
51
31
31
16
32
42
46
41
33
19
21
54
48
54
48
44
37
46
54
33
49
28
20
21
46
27
54
45
38
38
51
51
48
24
22
59
24
52
55
43
22
43
37
44
49
54
26
50
46
36
43
23
42
35
51
25
50
56
51
49
38
51
30
45
47
43
27
21
51
52
37
33
52
45
46
55
28
39
32
56
54
61
46
60
49
53
57
53
51
38
51
33
39
47
32
26
36
50
53
43
49
14
42
26
49
23
53
59
33
56
49
38
31
56
52
46
51
53
31
30
55
22
49
45
13
48
44
46
23
32
30
7
44
20
41
47
39
46
56
54
48
27
43
45
32
41
49
64
54
46
48
48
48
44
52
28
44
55
56
28
41
43
33
30
56
58
35
50
48
48
48
27
50
24
53
29
59
31
26
43
28
21
52
29
48
44
43
58
37
48
51
53
32
54
55
19
15
58
52
25
46
59
47
60
28
46
53
22
33
49
52
21
34
57
52
34
42
42
36
16
54
7
53
44
43
57
49
50
43
30
58
50
51
37
52
54
53
47
19
38
51
44
49
57
46
55
46
23
48
29
52
47
35
49
52
46
54
23
46
58
53
19
43
56
35
27
46
38
27
43
27
24
37
28
32
59
45
47
46
48
48
41
51
33
47
47
43
48
57
46
53
42
41
62
51
45
49
45
43
51
62
36
34
46
49
15
50
26
53
44
44
37
45
39
33
40
50
60
52
47
28
28
55
46
54
28
16
46
33
50
53
33
50
58
57
51
53
54
31
32
41
32
53
49
51
54
50
50
49
54
55
50
49
32
48
53
46
49
35
26
31
39
56
51
43
23
36
20
22
22
56
54
35
50
34
55
52
43
56
23
54
44
49
35
25
16
46
50
44
47
51
44
53
25
55
39
44
48
23
50
28
51
54
51
17
52
29
31
53
48
26
48
48
56
31
47
52
58
55
43
45
21
50
48
52
44
55
46
53
7
51
56
29
48
39
49
33
51
20
29
55
50
42
14
30
35
36
44
59
27
33
34
51
47
27
47
33
41
44
58
33
54
46
48
30
41
27
53
47
30
21
50
27
56
54
38
41
48
44
35
42
48
51
54
47
21
52
34
49
23
47
50
38
57
52
52
23
31
32
47
52
39
45
56
25
33
41
52
52
35
44
48
56
49
38
42
7
56
49
50
43
31
52
45
45
57
38
50
53
25
55
43
24
47
53
52
44
48
52
27
17
54
31
48
25
58
45
37
29
38
29
60
43
39
52
53
36
42
39
53
57
52
46
41
40
25
40
50
31
54
50
47
50
47
55
51
23
34
51
40
40
45
40
45
44
47
38
50
48
46
42
45
31
48
39
42
50
59
46
46
23
47
49
47
31
47
56
21
38
37
28
52
54
45
54
44
43
28
44
48
52
35
36
55
52
55
50
57
56
35
27
61
29
59
22
48
46
52
34
46
20
48
26
58
50
58
41
29
48
14
51
44
36
16
10
50
15
56
31
38
48
38
57
58
30
42
24
49
24
47
43
23
23
36
47
56
49
35
11
29
26
23
53
35
55
51
40
51
38
51
42
18
49
27
60
35
57
41
46
55
48
22
44
28
42
50
48
39
53
49
17
48
54
44
60
61
36
35
55
53
30
52
45
52
37
55
51
39
18
29
45
54
24
35
19
32
47
40
58
38
41
58
46
39
52
26
48
53
40
63
48
30
38
56
39
51
51
54
59
21
49
51
42
45
52
35
48
51
23
31
33
56
47
17
22
56
42
52
51
50
25
50
39
56
50
56
46
24
52
49
48
53
49
26
24
50
55
49
35
30
19
51
51
51
47
46
44
46
35
46
43
51
32
