41
35
51
32
20
55
45
42
49
38
45
36
28
44
59
42
36
25
40
28
33
47
54
50
52
46
40
50
26
49
60
34
56
29
60
54
54
47
21
24
51
48
31
30
47
22
49
56
48
48
28
38
33
40
49
44
53
30
26
48
39
52
30
51
35
21
40
47
48
52
33
28
14
28
45
56
55
44
37
55
45
60
17
35
56
42
28
58
42
38
54
38
49
23
60
59
19
50
58
30
51
19
36
48
43
43
44
50
31
29
46
40
42
45
51
53
25
36
24
57
28
35
53
33
41
44
28
28
21
49
14
47
55
37
31
49
25
33
48
51
49
29
48
54
28
21
30
46
45
35
56
45
56
53
48
30
59
29
53
48
35
47
55
42
29
55
46
43
39
58
11
47
45
17
33
50
39
30
24
52
57
46
55
33
49
36
44
38
40
41
34
42
51
51
29
49
46
53
34
48
59
37
49
32
37
48
12
23
35
46
38
31
51
67
30
48
46
53
42
55
47
43
29
60
50
51
27
27
49
4
28
52
52
27
40
36
41
45
25
45
39
54
63
43
37
33
22
38
44
35
29
46
37
15
63
48
47
36
39
56
47
43
29
28
53
54
50
48
26
55
23
55
39
22
59
46
52
50
53
51
51
51
50
24
44
54
28
49
51
18
49
21
54
46
55
54
28
52
52
43
44
56
23
34
45
39
18
40
50
54
44
20
55
42
30
41
41
49
50
60
50
56
24
52
50
34
63
56
36
26
40
27
46
51
50
28
38
47
37
5
44
37
18
48
45
27
45
45
49
50
44
12
40
49
46
51
56
62
29
25
48
19
52
51
37
50
56
47
44
42
56
25
39
27
55
41
39
52
47
53
19
40
47
52
54
46
38
54
28
50
48
50
28
16
42
34
42
51
33
33
38
26
22
30
29
31
25
30
49
52
33
52
37
41
22
27
54
29
54
53
50
52
23
46
27
40
30
37
57
50
48
32
10
35
52
53
22
47
56
29
49
38
44
49
41
55
46
35
36
57
37
54
53
51
39
32
44
52
47
33
44
57
57
29
53
35
46
49
46
53
46
43
53
32
44
32
13
28
46
56
50
26
34
54
17
48
39
24
45
51
48
34
43
52
20
47
32
50
44
48
18
46
52
34
25
54
41
56
28
29
40
52
40
40
40
55
56
51
30
52
52
50
62
30
26
28
24
16
47
29
52
47
47
53
31
27
49
52
46
55
48
62
35
55
53
40
30
50
49
26
32
44
28
47
39
44
54
53
46
40
44
54
42
52
40
29
54
39
32
58
13
44
34
50
18
50
46
25
51
46
55
40
57
41
51
53
33
50
50
53
28
25
52
48
34
47
50
45
50
33
48
27
17
32
50
57
46
52
54
53
49
19
26
50
52
22
56
28
28
43
64
31
56
46
23
34
56
52
20
20
34
31
47
46
23
49
51
57
41
36
31
45
41
42
42
50
46
25
56
16
29
8
50
43
52
50
43
50
30
39
43
48
50
22
43
38
61
39
51
24
31
55
33
40
29
39
62
56
59
30
45
47
62
52
28
44
56
19
46
45
61
17
41
55
38
43
49
9
22
13
33
51
61
21
17
60
47
32
58
34
37
49
44
39
26
16
53
56
47
28
46
18
47
42
25
38
51
48
43
31
36
24
49
46
49
26
19
26
35
47
26
53
44
48
46
47
16
33
30
24
50
47
51
51
55
22
35
44
30
16
49
44
36
55
47
43
39
34
32
43
34
48
50
31
28
58
37
51
25
42
40
31
36
25
56
49
49
58
61
37
42
44
46
49
46
45
53
51
19
27
29
13
13
30
54
51
11
54
46
47
57
42
32
43
58
21
53
46
48
34
49
49
25
48
50
7
33
54
50
48
29
30
32
50
58
44
27
24
51
41
55
44
12
22
22
46
51
22
52
62
28
14
34
41
43
18
51
59
51
33
32
36
57
51
54
45
49
44
33
48
51
26
47
50
48
49
52
44
47
55
27
25
48
39
42
51
35
50
32
46
43
49
52
28
57
56
24
49
28
35
50
57
35
51
35
34
29
42
35
7
60
55
58
44
29
25
53
30
55
65
49
38
58
52
31
52
25
47
35
52
28
41
58
42
40
43
30
48
10
39
39
45
20
60
57
27
25
48
52
44
43
30
46
48
42
26
27
32
33
56
18
48
45
55
56
52
5
28
48
29
54
58
43
29
27
44
36
44
40
42
48
49
52
40
47
53
33
42
49
43
45
20
46
46
38
40
32
44
42
42
