25
52
5
32
52
46
45
38
42
61
28
46
66
18
51
50
20
42
42
28
49
49
33
32
54
9
57
41
30
16
35
43
49
32
45
30
52
43
31
35
56
50
51
50
31
21
30
14
43
31
47
42
53
59
35
36
45
57
27
51
49
60
48
45
18
49
46
51
62
44
44
51
32
39
50
35
37
28
33
47
21
51
36
53
49
44
61
27
55
28
43
52
46
51
44
45
40
47
53
51
41
48
46
21
56
29
45
56
40
33
34
30
37
49
47
56
19
62
30
40
52
59
25
47
46
36
53
56
52
25
45
48
25
47
48
43
29
20
52
49
31
29
59
26
35
47
47
55
48
53
47
31
51
31
9
34
43
45
46
47
51
47
48
37
42
60
48
25
47
17
41
22
54
47
56
38
51
41
46
45
50
59
51
46
42
57
52
22
46
56
47
45
56
47
48
38
54
52
27
50
37
54
17
43
14
42
41
41
41
48
36
47
43
32
59
42
52
43
51
42
33
46
36
51
45
40
49
47
55
44
49
35
48
22
46
18
23
54
33
40
44
50
52
49
53
47
44
13
20
55
58
36
53
38
28
42
28
45
38
17
38
55
53
58
44
47
37
36
20
42
47
15
51
29
48
32
28
20
41
56
44
44
38
45
48
43
42
45
56
43
46
32
41
42
39
49
42
44
35
50
41
33
50
30
58
26
47
34
57
45
50
39
38
24
53
51
52
26
43
61
38
19
47
43
46
45
49
58
24
40
45
49
28
45
19
50
45
45
29
39
27
51
25
19
54
42
45
18
43
57
53
36
53
26
58
43
52
40
50
44
48
60
29
30
39
49
45
54
17
42
50
58
47
56
40
30
34
54
50
44
52
17
50
56
54
30
41
16
47
49
56
57
53
44
24
26
51
52
24
50
35
30
52
46
57
24
47
32
45
55
36
54
47
37
23
45
32
54
54
28
32
53
40
29
48
42
33
41
29
19
50
31
43
49
53
56
39
20
40
53
53
60
54
51
55
50
37
45
34
57
17
37
22
41
27
55
26
51
42
29
55
54
51
52
35
41
33
51
20
52
10
27
55
53
55
12
22
31
46
51
56
23
58
37
23
28
14
52
43
38
34
47
45
45
49
51
20
34
47
51
16
26
38
39
38
49
38
28
44
41
29
48
49
48
51
36
57
16
29
58
49
47
47
48
50
36
53
56
41
51
31
55
40
22
52
50
46
28
23
46
44
42
47
32
50
53
36
46
42
53
20
44
43
54
48
43
62
33
52
32
53
49
52
40
45
52
36
35
56
28
49
33
49
54
52
54
36
38
44
42
54
44
50
37
54
50
12
64
49
46
33
45
41
49
42
29
57
46
42
28
34
41
37
35
49
36
34
42
41
47
26
23
53
30
47
50
17
45
42
54
52
44
51
16
37
45
21
43
45
42
37
27
47
38
60
34
32
33
55
44
44
58
39
49
44
39
20
48
31
55
36
18
23
33
50
31
57
26
46
51
27
53
28
55
35
54
47
41
32
43
36
33
53
42
43
43
16
29
58
60
20
39
44
45
40
48
37
25
54
53
52
29
40
16
29
53
25
33
52
35
43
46
48
40
30
31
18
52
22
34
38
48
27
34
54
45
20
39
30
51
39
46
27
55
42
43
47
36
35
47
46
46
46
39
50
22
19
42
52
44
53
53
50
49
54
28
60
36
33
44
34
47
50
51
47
59
31
54
44
50
27
44
33
27
50
59
54
56
61
53
32
41
47
39
34
60
48
47
55
26
47
29
39
44
34
47
39
53
48
13
52
45
23
41
55
54
44
48
55
52
26
41
48
59
57
26
44
47
35
30
57
33
51
43
49
49
56
38
52
52
36
48
52
59
55
51
57
32
47
36
35
45
37
21
35
20
43
54
59
24
35
30
21
54
16
44
32
49
39
58
41
49
46
44
42
43
48
39
50
41
48
52
59
18
19
39
52
47
40
50
49
51
55
35
50
35
33
43
44
56
55
47
51
43
30
50
57
34
42
42
56
38
30
33
51
55
42
47
47
48
28
29
53
48
41
54
41
18
48
49
49
49
27
31
40
24
43
47
18
14
29
29
50
33
46
32
40
27
45
27
38
37
34
51
39
45
51
54
51
30
37
55
40
36
51
53
53
39
41
47
39
28
26
29
26
54
58
29
58
50
12
44
51
58
27
28
48
28
56
48
57
54
22
33
9
31
35
37
15
55
24
39
29
49
52
50
44
55
20
38
32
50
49
28
47
59
40
30
39
