51
48
27
53
26
30
54
25
22
47
59
31
49
38
28
44
47
10
47
50
38
24
20
50
33
29
40
50
49
52
52
17
50
48
34
37
50
24
53
45
31
32
41
51
52
17
20
36
43
56
39
53
54
49
55
57
47
23
22
18
57
47
47
17
33
36
24
41
47
24
55
52
25
48
29
42
45
26
45
53
53
23
46
54
27
49
41
30
44
53
41
50
40
13
56
52
44
44
21
35
52
45
48
52
38
29
46
36
58
31
25
53
47
51
48
51
54
54
46
52
52
54
41
25
47
29
31
28
44
24
56
53
55
47
37
39
35
42
30
48
47
47
46
58
61
42
21
22
28
32
52
29
51
54
54
23
19
23
41
51
46
51
50
43
59
22
49
59
41
51
59
59
52
46
54
44
59
54
43
19
32
51
25
46
36
47
48
43
43
48
64
48
42
34
45
56
51
60
50
47
54
49
55
54
51
30
38
35
38
44
46
25
26
56
46
11
55
29
48
57
26
53
20
43
44
51
56
46
42
49
51
37
11
26
28
54
34
62
49
49
49
38
55
31
46
53
35
52
44
48
46
41
44
42
28
50
57
30
29
43
50
31
20
48
24
39
51
48
49
22
36
52
40
11
51
47
27
45
30
43
52
53
40
49
23
40
41
48
55
52
44
18
53
55
43
46
16
29
41
49
31
54
48
23
38
40
38
45
46
54
18
49
40
22
38
41
18
50
37
27
45
34
29
53
24
58
27
54
51
38
47
35
50
45
20
41
45
38
43
49
48
44
30
51
29
27
30
36
29
23
41
49
23
56
59
41
58
19
59
21
26
26
50
44
53
22
28
33
49
44
57
63
48
59
24
42
56
21
53
41
24
22
36
51
48
36
48
34
52
52
43
53
31
44
49
51
26
44
35
52
45
52
43
52
54
47
33
32
26
52
20
26
32
37
54
45
39
16
31
26
36
49
50
34
51
49
54
47
46
50
45
31
38
19
37
49
24
31
52
56
50
41
42
56
27
59
48
51
28
50
44
49
44
54
22
36
35
26
25
63
44
31
33
51
21
35
14
22
42
34
41
16
12
45
29
52
39
26
59
48
31
54
50
53
49
53
41
39
53
53
34
57
28
36
50
40
40
40
48
36
50
51
32
51
50
48
50
34
48
62
51
38
27
43
47
29
45
49
47
44
53
43
55
39
58
54
22
52
20
36
13
29
55
31
35
52
46
50
57
45
56
46
23
52
37
46
47
48
48
48
52
48
21
57
58
52
40
20
34
41
22
26
51
13
40
44
46
29
42
32
54
45
33
45
30
42
20
30
42
45
43
42
49
53
37
44
33
43
52
27
46
40
17
47
28
22
49
8
39
49
47
52
49
54
44
21
33
15
33
55
52
31
59
19
20
55
42
17
50
56
48
30
57
41
32
53
23
54
53
31
61
56
46
33
21
57
41
22
50
33
29
43
56
27
47
48
49
33
19
55
34
43
25
58
48
27
34
45
44
38
48
59
33
40
33
42
62
45
32
48
35
42
12
38
34
29
57
43
13
51
48
43
34
52
36
45
9
44
32
30
25
47
46
20
50
55
58
51
49
31
49
22
47
33
55
18
30
54
39
55
39
37
51
30
53
43
35
44
53
48
28
35
33
30
41
20
49
37
34
10
49
18
63
28
17
47
49
23
36
34
49
36
46
53
57
49
51
43
42
40
57
14
37
32
22
50
42
37
50
19
17
46
24
25
25
33
45
43
40
39
52
34
56
30
55
35
27
48
51
54
50
50
15
42
39
26
47
52
55
50
26
37
16
52
43
48
46
54
35
23
53
47
54
36
46
51
50
56
44
49
58
53
53
42
31
49
13
42
49
43
41
51
31
45
53
37
57
51
42
50
59
63
50
53
36
48
26
44
28
48
53
32
44
33
49
37
54
53
47
54
51
53
38
45
51
51
51
52
46
30
18
40
50
46
56
47
54
29
21
57
30
47
47
50
39
54
19
48
27
34
54
37
30
35
21
57
57
37
45
46
53
46
48
40
54
42
40
33
52
45
42
48
47
50
35
50
27
54
43
49
33
18
44
27
47
31
52
45
49
29
43
50
44
51
33
34
24
47
27
26
40
29
25
48
19
48
40
23
51
40
42
43
48
20
47
52
52
17
53
42
44
21
39
44
28
43
47
51
29
45
28
22
53
49
43
38
26
30
40
54
49
57
11
36
50
48
56
53
43
27
50
20
48
49
30
35
50
50
51
37
23
41
48
42
27
31
42
51
54
19
