34
29
46
36
50
11
44
35
44
48
16
39
39
56
47
45
25
26
57
31
46
33
22
39
52
50
47
37
25
40
47
49
53
41
30
29
56
43
50
43
56
51
40
53
51
11
44
30
30
34
51
36
57
55
37
48
38
57
46
47
49
46
58
56
13
34
46
54
52
26
36
59
46
51
48
48
32
35
23
32
58
28
42
31
52
48
22
51
50
43
28
39
19
53
42
31
48
50
43
52
49
54
12
53
49
46
36
36
33
11
48
31
45
32
52
44
14
34
45
53
47
52
26
29
45
47
49
38
48
35
51
44
42
55
35
45
53
50
54
47
13
19
55
52
54
20
55
28
33
54
52
35
24
37
37
15
44
53
42
48
23
50
32
51
52
51
38
50
40
45
23
59
45
50
32
49
23
46
32
30
46
42
55
52
24
43
48
22
54
36
31
56
55
49
42
33
36
29
46
43
12
55
58
48
36
53
52
51
45
41
49
43
38
54
47
27
42
55
47
37
48
43
30
27
48
47
52
57
43
34
35
48
29
25
27
24
50
56
29
31
49
29
32
50
45
54
37
46
50
45
50
50
31
56
23
51
26
48
57
17
17
44
55
53
45
54
48
41
48
54
45
44
53
51
51
42
54
37
39
41
25
56
23
51
51
42
49
41
55
25
39
49
50
55
63
8
47
53
56
52
47
40
47
4
38
44
45
51
37
48
19
48
48
16
53
36
37
51
47
49
17
36
52
53
22
39
34
52
51
52
27
33
30
23
51
55
37
26
41
48
51
43
60
28
22
45
37
42
45
53
20
44
45
26
49
21
34
54
55
26
47
41
36
55
52
50
26
44
56
44
55
28
28
52
32
59
59
31
51
31
55
58
55
52
59
51
50
41
52
26
29
40
30
47
26
37
43
16
40
49
49
28
45
48
34
44
46
25
37
33
55
29
58
18
48
53
51
48
35
48
47
59
29
22
23
28
40
27
35
37
54
48
48
50
30
37
32
44
48
29
55
49
39
42
55
52
53
42
51
36
48
46
38
40
18
56
34
43
47
28
42
16
36
34
50
37
44
43
46
44
31
26
46
28
43
35
50
48
54
50
35
37
32
56
51
51
26
55
52
36
41
46
24
59
57
53
44
31
50
50
49
44
30
47
23
30
51
50
13
53
57
17
40
31
45
55
47
49
52
32
42
16
39
29
33
33
39
52
48
50
42
42
44
56
52
10
27
48
48
34
46
49
39
28
23
44
26
41
35
34
23
53
54
39
23
15
42
56
43
32
18
59
16
48
46
49
62
61
50
24
51
38
41
38
44
39
27
42
24
45
21
28
46
55
34
34
48
16
56
52
57
52
17
51
58
49
51
32
44
34
25
49
61
51
30
56
54
54
22
49
52
46
50
50
25
52
53
57
34
45
32
27
28
45
56
47
23
52
35
50
50
33
42
41
30
52
28
43
36
51
27
50
21
35
27
33
53
41
49
54
47
29
38
17
50
50
52
42
45
52
57
37
52
47
42
42
47
39
53
49
24
45
36
51
47
49
20
45
44
47
49
28
41
23
49
57
57
55
52
49
35
35
47
39
39
52
33
46
46
12
33
36
29
50
48
33
41
50
33
30
34
45
39
49
7
30
31
37
55
17
25
57
30
44
13
32
53
51
53
52
41
56
48
28
44
19
46
52
33
32
34
55
35
40
32
58
30
48
27
36
33
47
45
19
27
24
23
38
48
28
45
50
44
25
29
10
40
29
33
50
46
59
27
16
53
43
29
41
30
62
31
48
37
18
54
37
42
27
53
26
64
44
39
59
45
32
36
48
50
57
23
51
48
35
46
33
35
38
29
46
53
37
20
47
23
55
45
35
41
52
46
21
29
27
40
44
46
18
18
48
46
47
40
21
47
49
52
39
57
30
41
43
21
57
27
44
45
46
60
50
16
60
47
14
20
19
33
42
48
27
47
49
54
36
18
33
47
47
39
34
34
55
56
53
36
47
54
53
21
44
34
52
47
54
25
44
26
29
34
47
27
48
49
36
46
61
37
36
41
56
51
25
26
43
38
41
44
47
38
54
45
51
42
49
46
57
15
53
31
48
46
24
49
15
49
36
50
48
38
35
34
24
9
60
52
32
50
30
45
47
52
15
49
22
26
35
47
50
48
44
43
50
35
27
38
50
29
33
29
46
60
21
42
30
37
32
22
23
49
57
50
54
9
51
37
49
26
32
53
52
47
50
36
47
24
47
53
47
60
25
33
50
44
25
49
46
40
30
50
