38
43
38
40
44
30
38
36
13
31
49
52
23
47
41
44
36
50
43
45
52
35
47
52
26
53
33
23
31
15
35
41
31
52
54
56
22
34
40
58
44
51
24
50
30
30
33
34
58
48
41
26
56
27
29
29
28
28
27
34
21
29
32
38
46
35
40
34
63
34
26
17
45
44
35
56
43
16
54
52
33
44
61
40
51
12
29
39
49
43
42
32
34
57
44
55
37
42
63
44
29
50
33
38
44
56
47
55
55
53
48
48
29
29
23
46
32
45
39
31
57
36
50
39
53
27
52
42
54
37
25
49
29
42
13
34
55
36
41
30
31
40
42
57
29
20
34
59
46
29
45
28
35
49
62
48
51
65
41
44
52
47
42
48
46
34
54
34
29
47
56
51
47
28
51
46
17
24
46
59
39
40
51
35
52
44
48
26
49
55
54
37
35
45
32
24
57
63
38
61
34
53
50
16
57
58
56
40
44
36
46
67
43
39
42
53
31
28
45
33
24
30
24
49
55
36
42
40
49
32
37
22
54
41
52
44
22
22
24
31
40
45
33
27
50
22
41
51
33
37
47
36
31
24
46
49
58
32
47
39
49
28
64
36
23
38
26
40
60
46
36
40
40
39
52
38
53
30
47
49
26
62
41
34
60
35
20
42
40
24
32
28
45
29
43
54
47
33
34
22
29
29
58
24
40
39
29
47
47
32
32
47
58
41
21
37
52
37
23
41
59
44
45
22
53
59
42
38
54
53
58
68
39
42
56
62
35
48
60
35
52
47
46
25
45
30
28
46
34
41
25
40
37
21
43
32
49
33
29
18
41
31
40
58
42
60
42
62
44
44
38
49
44
43
47
26
41
29
66
59
44
37
33
32
29
55
61
29
54
40
24
30
61
52
36
46
52
45
43
56
34
31
34
48
39
53
36
44
41
52
24
32
30
43
56
19
36
27
59
61
36
56
32
22
39
36
22
30
26
39
38
52
28
26
57
45
46
61
50
40
42
34
46
70
23
54
56
64
26
64
38
42
36
42
44
46
47
56
31
48
40
49
34
46
26
35
38
23
47
61
37
26
35
43
50
47
59
60
30
25
37
30
51
27
48
40
35
50
35
50
54
36
39
20
37
47
55
42
61
36
53
58
43
35
39
27
36
45
28
55
29
53
42
21
35
14
57
28
47
43
28
19
22
31
62
58
34
57
44
49
47
44
46
58
26
32
61
53
14
52
50
51
34
18
25
49
52
17
39
49
54
27
44
58
37
39
43
37
39
46
36
58
38
48
50
38
49
72
42
64
29
29
45
34
62
42
46
30
34
41
69
24
43
33
29
48
28
50
47
39
33
47
34
55
53
23
27
53
47
25
51
47
28
55
39
34
41
54
60
36
66
44
33
55
26
39
41
50
33
55
33
33
27
30
46
37
47
44
45
29
60
30
35
35
54
33
55
27
32
20
42
55
48
52
37
50
44
62
49
47
42
54
47
12
48
31
45
51
57
22
25
27
21
40
27
32
37
46
38
49
39
56
56
47
22
31
38
18
46
29
47
34
36
43
44
46
34
45
16
47
53
38
30
20
49
33
24
30
42
49
51
28
43
25
49
19
63
26
32
60
45
44
55
30
27
52
35
51
49
35
50
33
56
45
60
42
37
35
32
34
59
40
42
54
32
30
42
64
54
40
34
44
51
48
36
23
48
33
54
31
55
32
47
47
42
53
50
62
26
38
23
45
32
35
55
44
41
25
18
33
22
38
35
38
59
38
57
56
43
55
24
39
64
20
54
54
59
52
37
46
26
46
32
23
45
28
25
42
29
33
51
40
58
55
44
66
46
54
62
32
48
51
54
40
37
31
49
51
47
54
33
55
48
39
48
55
46
23
38
42
45
43
41
48
38
34
26
44
31
16
59
49
52
41
53
35
58
20
33
40
26
37
45
40
42
46
42
58
42
53
49
51
60
51
28
56
46
28
47
70
59
47
51
14
35
22
39
33
44
41
33
25
54
28
57
49
57
53
32
38
47
50
45
54
27
60
48
27
31
49
39
57
40
27
51
46
44
54
48
44
28
27
35
46
27
35
51
32
52
46
61
58
49
54
47
47
57
17
42
31
46
47
26
32
60
29
39
43
56
40
57
63
36
37
55
50
34
39
23
45
26
36
38
45
29
66
48
27
23
40
27
35
47
26
32
47
29
46
49
56
21
45
25
64
38
63
35
25
51
49
33
32
34
42
41
31
35
37
22
21
38
44
31
49
26
27
44
58
25
35
