24
62
49
59
56
54
41
27
44
43
37
51
37
48
48
57
56
46
52
47
26
33
42
34
36
53
44
29
22
49
19
46
33
41
39
27
34
34
51
34
38
53
34
32
40
35
51
58
53
66
48
29
36
23
54
33
21
39
50
59
29
15
34
34
41
55
46
25
37
41
45
46
39
51
58
49
55
36
49
28
32
51
47
26
51
29
50
45
42
35
44
30
52
23
50
47
53
36
19
57
41
30
49
36
34
50
44
62
39
59
49
30
40
45
40
39
55
67
39
55
26
44
41
60
31
29
53
33
62
57
32
31
52
41
44
45
48
48
40
37
36
43
43
33
41
25
49
24
49
27
28
21
43
34
49
38
55
42
40
61
37
38
61
31
33
20
42
22
42
40
21
54
55
60
53
58
34
51
44
50
40
41
30
29
40
50
23
49
39
28
48
39
35
42
58
28
42
53
38
44
48
63
25
53
26
42
29
41
29
21
51
24
26
36
50
24
44
35
38
26
42
37
44
53
45
29
32
50
52
34
63
33
55
49
62
58
54
40
30
48
25
52
32
30
59
54
46
40
56
38
38
40
51
47
27
57
48
29
57
32
37
60
35
53
40
60
32
31
58
33
44
30
52
33
42
36
39
47
47
52
51
54
20
52
44
49
58
31
51
48
45
26
57
31
34
43
51
54
33
46
38
41
41
60
41
47
52
38
38
28
47
50
53
40
33
39
47
49
33
60
54
60
53
42
31
39
45
53
39
68
29
39
45
57
11
34
52
33
51
65
38
46
24
33
51
33
37
54
53
44
31
49
32
60
25
71
36
32
44
26
51
36
51
41
33
53
7
31
43
24
33
61
41
47
37
31
38
17
50
26
29
69
33
34
59
35
54
27
48
46
36
37
51
34
31
34
50
58
46
31
60
55
61
25
24
33
32
56
62
42
53
50
34
67
33
54
51
37
49
68
43
24
36
55
32
22
38
21
50
58
36
71
50
55
31
26
30
52
52
46
55
49
27
35
60
41
43
36
26
57
37
50
22
51
42
37
25
47
26
58
30
36
32
49
34
37
39
64
30
61
54
46
40
48
43
34
22
44
29
42
55
58
41
31
50
19
27
53
54
56
39
41
56
31
53
36
55
58
58
37
22
26
42
47
42
34
36
27
29
32
25
38
60
29
25
31
44
35
58
57
38
40
49
15
30
38
51
50
36
41
52
35
20
54
26
37
20
43
54
50
36
32
33
42
47
45
32
69
45
52
36
55
34
50
57
50
42
45
49
24
45
58
52
49
32
50
26
68
43
36
39
36
40
26
60
42
31
47
35
23
54
41
41
62
36
42
39
60
39
35
66
28
42
31
56
24
24
64
38
32
46
47
42
29
32
43
46
31
48
54
34
54
34
60
51
29
36
55
27
50
35
21
40
60
50
24
42
27
48
53
19
33
25
54
40
31
31
34
64
40
43
24
41
52
24
34
49
55
40
30
51
35
50
26
38
57
17
47
33
47
39
53
53
31
29
46
54
52
46
30
43
43
24
57
33
37
45
39
39
28
59
62
23
42
47
14
56
30
42
32
52
33
42
28
37
38
31
45
46
31
42
47
61
22
33
44
49
42
28
54
36
41
31
67
47
54
76
39
21
47
12
35
58
49
11
42
50
67
50
30
44
37
46
54
33
29
18
67
31
46
35
34
56
28
26
29
49
56
58
43
26
50
27
49
35
65
41
35
45
39
43
52
35
46
56
39
41
47
54
27
48
39
28
38
43
43
26
46
48
46
40
43
68
28
45
52
47
32
35
33
41
28
29
25
35
53
50
48
45
60
42
27
20
47
33
35
29
48
57
27
71
22
53
51
32
41
16
34
23
54
26
37
37
32
50
56
59
34
52
41
39
42
24
42
36
31
65
39
41
29
36
34
65
48
52
43
59
36
49
56
41
57
21
49
34
41
34
51
65
42
55
51
39
33
42
47
54
44
65
39
34
38
43
35
52
49
33
53
55
53
48
31
63
41
40
41
51
54
58
35
54
54
52
22
46
33
29
62
30
62
13
23
28
21
35
40
19
29
53
46
21
27
50
55
54
45
23
34
22
26
61
59
45
33
44
52
41
55
56
56
47
60
15
21
36
45
62
31
34
50
30
45
32
57
56
26
55
47
55
47
51
46
52
40
58
47
28
57
33
30
32
42
46
26
48
34
41
52
40
34
44
44
32
29
38
67
31
26
49
31
53
52
60
52
30
24
25
23
54
46
33
59
59
38
55
65
54
46
53
46
