63
30
42
29
35
54
29
33
36
28
48
27
31
40
26
57
20
46
50
25
33
41
49
50
32
33
56
39
52
37
39
17
31
25
29
25
50
38
34
53
46
43
39
34
40
42
32
42
22
48
20
62
48
54
45
40
63
44
29
53
51
26
58
33
55
43
42
44
55
53
36
39
52
49
39
42
33
40
31
57
52
36
21
25
45
19
27
38
26
41
55
28
62
60
29
44
43
42
54
42
52
27
34
36
63
44
33
51
66
42
33
40
44
54
45
42
32
65
32
49
52
44
27
40
46
42
34
32
50
40
55
48
29
52
31
56
63
27
47
40
55
36
38
54
55
35
38
37
53
56
50
16
33
56
53
32
46
48
20
43
23
60
41
39
41
60
60
44
54
33
35
56
45
62
43
50
26
39
60
47
37
49
36
42
61
49
40
43
37
42
51
32
49
33
36
44
37
53
45
31
61
34
51
52
28
30
47
42
33
25
41
24
21
47
54
38
45
46
45
42
57
32
40
37
32
41
50
28
44
55
26
51
28
47
60
27
29
47
48
44
47
42
21
20
60
55
34
50
23
25
44
41
39
45
42
45
58
45
41
47
40
59
38
37
27
37
41
42
56
40
17
57
36
46
23
29
44
42
36
30
59
48
30
26
26
28
38
35
69
50
33
31
61
51
36
45
22
33
69
35
47
42
39
31
43
30
35
47
58
41
52
49
61
43
38
51
57
26
37
36
25
27
39
37
56
31
42
55
62
59
59
48
43
43
31
52
33
39
19
31
30
53
38
18
42
44
26
24
32
25
50
40
27
28
33
33
56
51
31
41
59
41
35
53
45
51
52
35
54
28
22
34
53
55
27
21
56
46
58
47
47
25
33
31
52
40
60
45
28
38
30
34
27
40
69
42
62
23
36
55
69
43
54
28
30
51
27
34
28
33
31
38
45
57
46
51
31
49
36
46
55
64
53
52
33
53
52
44
32
37
52
44
42
45
26
28
55
57
44
35
51
52
50
52
45
38
42
54
35
40
49
57
48
65
26
46
57
50
44
26
49
48
37
24
60
31
32
44
61
35
48
32
49
26
60
38
38
48
48
57
38
30
37
32
53
51
23
41
46
61
35
33
54
26
25
51
58
55
33
29
32
50
55
38
46
55
39
56
41
53
49
45
58
39
25
65
48
22
51
39
54
65
33
26
37
26
54
53
34
59
41
54
47
27
40
58
37
48
40
43
33
49
37
53
40
30
31
41
28
49
35
59
30
20
32
27
25
36
23
21
62
51
54
28
37
52
53
48
38
44
20
57
60
60
45
51
45
46
29
47
34
60
44
48
29
40
29
53
35
32
55
42
62
20
38
38
27
25
32
45
45
56
46
41
40
51
50
33
46
26
62
53
36
25
44
49
62
35
33
53
29
47
51
36
51
48
24
37
48
38
56
51
57
51
52
38
57
61
41
40
24
32
56
47
38
60
60
36
53
56
51
31
28
69
52
32
42
56
59
43
30
48
40
48
47
40
40
47
53
67
42
56
57
49
47
34
40
55
40
37
57
43
52
41
40
34
26
26
49
48
41
44
55
33
35
35
46
28
54
46
63
31
52
29
33
32
45
45
58
34
35
58
38
56
35
55
33
57
30
33
31
54
54
30
28
50
33
45
30
42
50
45
30
34
22
20
52
34
28
40
30
22
44
23
36
33
47
50
44
35
51
37
57
33
42
51
27
42
38
47
35
47
30
39
33
49
36
36
39
24
35
46
39
26
40
23
37
26
64
34
52
31
43
55
39
39
52
34
24
59
45
59
25
24
39
53
26
45
61
14
38
45
27
53
25
35
35
32
31
39
44
34
38
43
44
53
23
43
46
65
46
48
35
43
46
22
51
50
32
24
42
33
50
48
49
60
28
56
49
44
46
30
54
49
33
13
42
57
52
51
41
36
46
27
55
30
30
47
25
27
54
33
35
59
56
27
45
51
62
57
32
44
50
53
52
41
27
50
52
43
34
55
17
38
49
18
34
29
62
15
35
61
39
36
25
33
49
38
17
49
42
55
37
31
49
29
56
53
25
35
51
28
36
49
42
36
53
64
25
50
52
52
48
59
54
45
34
34
46
51
33
22
26
35
33
53
21
43
28
47
46
33
51
43
32
55
39
29
28
59
52
53
41
38
41
31
35
49
38
45
17
26
19
46
48
44
60
53
38
41
46
33
40
46
39
52
56
49
53
32
37
38
40
67
32
45
23
58
42
37
47
51
25
67
30
26
46
37
44
41
