45
29
55
30
42
35
26
54
61
52
58
39
31
40
45
39
55
56
34
70
26
26
35
37
50
15
47
29
53
31
59
41
53
33
26
36
34
32
51
55
47
45
46
25
22
59
28
41
30
59
52
25
52
34
21
35
39
67
35
14
46
57
32
33
68
26
31
47
32
50
52
41
14
41
27
43
44
30
43
48
15
40
59
45
20
60
56
32
39
39
53
35
39
39
35
39
54
55
49
49
58
46
52
36
37
43
39
37
44
38
59
54
50
42
44
49
44
50
10
29
51
60
26
51
40
44
58
60
28
31
63
40
57
42
35
64
48
16
32
42
49
58
23
51
40
28
31
46
52
51
37
47
60
39
36
34
52
61
44
67
33
52
19
36
56
30
41
41
27
26
40
59
57
26
49
52
24
32
32
55
20
42
27
34
35
56
54
31
45
47
54
26
52
40
36
31
45
36
58
53
30
48
26
32
53
33
29
50
26
38
40
27
52
30
17
67
39
48
35
42
37
34
52
46
55
49
37
27
24
30
62
52
41
30
33
52
45
51
57
39
50
35
24
27
34
20
61
30
49
29
54
41
63
36
51
51
42
58
45
52
38
35
56
47
37
39
37
43
64
44
29
26
51
40
28
52
53
39
24
39
33
33
33
25
58
42
35
53
61
44
36
63
41
32
30
28
42
63
44
36
41
53
45
49
33
22
24
36
62
36
52
38
32
41
27
29
33
40
44
32
35
69
46
55
50
12
31
25
62
45
27
29
39
50
32
35
33
50
67
42
45
59
57
49
43
24
45
40
20
36
28
40
39
30
50
52
31
31
32
50
31
27
32
39
49
51
36
43
50
61
47
35
52
55
47
30
40
45
51
50
50
28
50
29
38
54
22
62
45
41
50
64
51
62
30
54
58
31
23
43
52
38
62
50
42
46
39
52
49
54
35
48
44
49
45
41
55
34
26
58
50
56
27
48
38
57
60
22
32
54
53
36
50
52
38
17
45
15
40
36
42
50
52
48
30
56
49
42
45
17
53
58
68
41
32
26
54
48
39
41
38
32
28
32
43
42
36
39
46
20
46
35
44
37
27
48
28
70
65
45
30
51
44
51
52
26
54
63
1
41
55
45
44
38
47
51
38
60
47
33
44
28
33
57
23
25
15
33
51
33
37
51
52
24
29
34
39
32
25
35
45
37
57
31
35
24
52
44
46
42
69
35
62
43
51
60
40
30
37
46
54
44
29
29
46
37
54
49
27
34
45
41
16
47
53
28
57
42
46
37
34
27
34
38
15
22
55
51
49
41
45
37
39
49
51
34
34
36
45
51
47
32
24
39
63
51
35
33
47
28
52
48
51
29
49
31
53
51
48
47
42
31
63
49
20
55
39
14
49
38
57
47
51
55
42
39
51
26
38
54
47
53
52
17
39
28
34
19
40
56
36
63
39
25
41
34
12
25
47
23
39
26
29
37
38
52
65
56
37
34
34
42
42
53
30
44
51
24
25
22
27
25
47
49
57
32
36
47
37
35
35
24
31
42
59
54
36
57
23
12
25
56
43
47
24
28
53
64
59
57
55
55
25
32
40
20
37
47
51
57
27
42
39
28
38
46
56
62
64
38
29
27
43
36
40
54
41
37
44
43
73
54
48
54
40
60
54
37
33
55
37
32
41
60
27
44
55
51
44
52
32
61
24
45
30
34
36
37
58
42
43
26
32
30
26
37
20
26
22
36
35
54
46
23
29
22
35
25
58
38
26
25
40
41
40
67
30
61
52
49
32
56
26
52
36
36
29
58
39
17
60
35
45
39
46
23
48
54
35
51
54
45
30
43
45
38
56
38
39
35
44
26
23
32
52
29
19
40
55
40
49
53
38
35
59
32
54
48
51
55
20
22
50
53
46
54
32
54
40
61
27
50
54
30
32
48
63
44
35
38
39
24
18
24
31
34
26
51
28
40
26
59
54
38
24
40
48
40
53
55
48
14
33
38
55
64
44
52
50
27
45
41
41
32
34
61
28
50
49
38
39
40
57
59
28
38
30
25
62
36
31
37
30
49
51
43
20
23
49
21
50
33
58
32
44
32
52
41
31
35
54
33
57
45
58
25
56
50
19
37
46
36
31
37
32
36
33
24
53
37
72
49
31
34
41
52
51
27
49
49
46
60
53
19
45
43
61
22
51
57
52
40
36
54
36
27
36
59
24
42
62
41
36
42
28
50
23
47
34
21
52
43
39
31
40
56
54
54
55
44
26
40
46
33
28
53
58
56
47
43
