48
48
43
30
26
57
47
46
52
31
59
53
30
42
20
22
49
51
56
39
60
47
49
14
31
45
51
7
34
39
27
39
34
46
60
46
35
57
34
39
27
57
34
60
38
47
10
42
30
33
35
31
41
51
50
70
38
57
31
50
42
42
53
41
46
38
34
43
36
24
33
34
34
42
56
44
52
51
56
31
36
50
38
49
52
38
15
38
40
33
37
56
56
36
55
56
40
29
40
11
35
31
33
25
38
55
27
29
47
50
31
50
33
42
43
22
33
33
48
52
22
53
30
31
47
52
38
41
46
54
49
29
25
37
38
51
45
31
44
49
48
59
28
34
23
43
44
37
11
37
36
55
38
36
30
40
67
52
63
31
42
62
45
59
35
47
27
46
35
20
21
47
37
46
23
45
54
59
27
60
44
31
45
53
27
37
52
45
40
34
59
51
59
49
36
45
29
48
49
69
60
52
44
29
16
60
29
48
47
33
58
43
23
57
63
41
44
37
32
41
56
75
31
57
52
45
33
27
38
48
57
48
32
39
34
49
50
52
30
23
47
45
32
46
22
51
46
38
38
45
36
29
48
39
28
53
44
27
37
46
34
44
24
54
37
24
38
55
25
50
44
61
29
30
18
50
23
46
51
57
31
60
28
28
32
21
43
31
46
51
51
34
33
51
29
50
42
36
29
22
47
60
37
50
49
64
48
21
35
55
38
36
55
17
29
50
37
25
43
41
48
60
28
41
21
44
61
49
49
41
48
50
27
25
63
32
49
13
52
22
62
41
47
42
69
35
50
45
39
19
27
45
22
49
49
27
53
53
41
42
60
43
37
41
45
37
27
39
40
56
51
43
41
31
40
49
36
43
31
26
24
56
38
44
46
43
45
38
45
53
41
29
43
54
53
41
60
28
55
29
45
27
30
47
43
36
61
47
36
47
31
48
26
46
52
28
11
41
34
37
49
53
32
38
29
18
59
31
35
38
28
39
35
35
46
47
36
45
53
55
39
40
43
38
45
51
33
40
42
53
41
47
34
53
66
46
12
32
42
57
32
38
54
40
60
47
38
32
57
47
51
38
41
29
46
59
35
21
24
32
46
45
53
38
32
56
30
34
40
54
60
56
55
40
26
49
38
67
39
32
66
25
53
51
41
30
34
27
66
51
31
45
32
63
50
38
33
26
50
44
33
44
39
53
40
23
41
33
24
48
35
34
30
54
19
36
36
49
29
38
21
55
37
63
46
39
52
35
24
34
33
29
53
58
60
48
57
46
38
51
38
43
48
60
34
64
17
23
37
32
36
43
43
23
24
58
52
48
38
45
38
52
25
53
34
47
38
35
53
40
26
52
51
6
49
13
50
30
44
37
18
44
47
22
50
31
56
30
57
44
43
25
29
59
29
30
52
34
45
41
27
43
39
59
20
27
49
38
51
33
15
31
37
58
26
42
62
34
40
56
38
64
57
41
45
31
54
19
42
61
37
61
30
42
29
47
48
36
49
57
45
26
38
19
50
34
34
53
26
45
35
40
45
53
28
35
50
39
24
27
37
17
32
34
62
50
34
60
65
48
40
27
37
50
37
30
41
50
55
50
47
58
53
41
55
50
48
50
37
44
52
62
37
39
38
59
20
53
28
52
35
35
32
25
39
16
64
62
44
37
34
66
43
42
43
36
46
36
36
66
48
52
47
32
34
44
57
47
59
31
29
25
35
49
38
47
48
17
52
27
23
55
55
56
42
54
34
44
44
31
19
23
42
48
19
38
49
41
43
35
44
32
50
36
25
38
62
37
54
46
54
47
55
41
41
68
23
28
47
42
14
23
60
22
65
53
41
34
56
32
45
51
26
43
54
54
24
44
46
62
50
25
31
26
61
32
43
33
49
51
42
50
43
51
47
37
58
54
46
35
36
49
30
38
49
42
36
26
41
46
61
56
61
37
27
52
47
30
37
55
40
31
35
53
58
29
34
46
31
31
46
28
31
34
50
42
17
53
36
41
30
41
31
76
59
60
24
59
49
28
58
47
48
51
37
39
76
39
30
31
48
56
28
39
13
15
52
35
40
53
33
44
29
44
34
22
26
33
32
26
39
18
54
44
27
49
35
32
59
54
37
43
55
46
31
24
46
53
48
29
54
56
20
36
45
35
64
48
45
44
55
48
69
27
49
29
42
54
35
29
38
57
44
41
41
49
38
55
48
45
33
20
51
62
56
38
29
37
37
31
25
41
54
40
53
42
45
29
26
31
59
34
36
52
32
39
18
16
27
52
