58
36
54
30
30
55
31
35
53
36
65
27
47
36
34
37
38
31
32
42
55
54
31
56
31
40
42
54
51
46
34
35
44
31
52
45
65
29
37
34
60
54
29
41
32
40
39
60
49
53
33
30
34
33
30
35
38
38
65
44
37
32
34
49
43
29
46
26
32
45
47
31
64
62
50
33
30
33
31
34
30
52
30
59
47
46
35
37
34
33
51
32
34
33
38
49
53
34
28
55
36
50
45
33
32
31
33
35
36
45
33
32
31
49
33
50
62
54
71
35
34
26
36
45
34
32
42
36
32
34
46
33
38
34
45
38
49
30
33
52
44
41
60
34
53
40
53
55
32
49
31
29
57
32
32
39
53
42
48
32
27
32
33
29
29
50
42
30
37
29
45
34
35
31
34
48
65
47
61
64
44
34
38
54
54
32
34
30
31
31
34
32
33
66
35
57
23
34
54
51
37
40
52
47
30
33
30
35
36
51
32
36
49
38
37
32
48
32
32
40
39
55
35
57
33
43
28
35
57
35
61
58
43
43
34
32
53
51
30
33
34
46
52
46
34
49
30
31
60
31
49
33
36
34
51
36
54
38
34
38
52
39
46
33
32
31
47
30
40
32
36
46
63
29
41
57
57
41
31
52
58
50
38
56
35
33
29
48
30
33
47
51
52
58
32
35
47
50
49
54
43
33
31
50
55
34
43
42
50
30
38
40
38
31
28
28
44
59
35
43
38
36
33
40
61
57
29
40
32
34
36
38
55
34
51
30
56
55
57
34
26
31
52
55
32
61
38
53
31
37
34
33
26
46
37
55
30
37
46
36
47
52
60
33
27
50
37
33
30
37
32
35
31
48
50
49
29
36
34
35
57
29
48
41
44
30
32
42
30
49
30
32
44
34
31
36
56
34
46
49
31
55
32
47
33
32
56
63
34
39
32
52
58
43
31
40
51
33
34
38
34
31
31
47
50
38
47
28
47
47
30
30
29
59
36
35
32
39
44
39
34
38
37
52
39
31
46
38
35
32
39
32
31
34
52
38
37
31
29
29
28
30
35
40
59
57
51
32
31
58
63
53
39
47
35
39
35
32
43
35
39
57
39
28
34
57
36
33
38
38
29
49
38
47
51
34
34
58
29
61
54
40
53
36
32
33
30
30
59
33
52
30
31
31
32
46
30
35
68
29
66
54
36
51
32
50
62
31
43
40
33
38
31
35
51
53
33
57
42
66
32
51
33
49
35
34
44
33
36
30
51
49
47
51
36
46
50
31
54
48
49
30
54
33
51
46
58
32
32
51
49
70
45
50
33
35
32
54
35
38
55
70
50
30
49
47
46
33
35
31
39
34
30
27
35
38
52
66
32
36
37
59
31
62
64
32
27
33
36
29
53
59
40
33
46
70
33
55
35
58
49
36
45
52
35
49
36
52
35
40
46
59
33
47
58
46
53
29
27
32
33
29
35
33
37
63
33
37
32
51
32
33
31
32
34
34
46
33
34
47
52
27
52
69
41
58
43
56
46
61
30
33
32
33
47
47
30
41
34
32
32
36
61
30
36
30
33
33
33
40
55
41
45
33
28
31
54
58
53
33
36
33
57
33
48
36
33
36
30
30
29
33
31
57
49
38
33
61
33
34
63
53
45
66
31
29
41
53
48
47
36
32
48
49
44
25
45
34
33
56
30
34
49
50
61
34
29
53
35
47
32
54
37
37
55
34
34
32
32
41
30
33
40
31
52
34
39
25
30
35
57
40
60
56
41
32
33
46
31
36
34
47
45
43
65
35
40
27
45
47
55
34
46
34
61
45
52
28
38
57
58
33
45
52
35
34
48
37
36
33
45
50
34
32
61
38
36
35
33
40
35
50
33
59
32
33
48
42
32
33
33
35
36
30
33
50
31
34
58
34
26
33
32
33
33
42
29
44
27
30
38
49
33
36
32
49
37
51
50
32
60
49
34
33
30
46
59
52
31
46
33
37
51
29
32
42
52
71
28
26
32
32
46
47
34
25
28
28
33
52
36
35
36
34
36
33
49
36
40
58
27
47
31
50
55
31
50
38
52
46
34
47
31
29
63
44
74
56
34
56
34
35
35
30
52
42
53
24
53
47
34
35
36
29
57
37
33
33
65
38
38
46
39
29
47
31
29
36
32
48
58
42
41
33
40
60
57
55
29
30
45
30
34
39
32
33
36
29
39
48
31
33
34
31
51
35
58
31
51
49
60
34
36
27
43
40
28
55
57
54
35
62
53
36
49
38
48
41
50
42
