36
37
32
31
41
37
34
42
47
35
35
43
50
39
26
42
54
41
45
48
34
56
40
32
48
57
43
33
58
54
25
38
49
46
33
48
50
54
23
48
47
34
34
30
36
34
31
27
50
32
26
49
55
54
33
40
41
37
50
35
48
51
36
36
32
55
31
38
27
64
53
46
30
45
46
48
55
49
58
36
36
43
54
40
40
28
37
22
34
56
38
58
51
31
48
53
34
48
32
51
31
51
31
33
58
43
26
29
53
50
59
31
47
34
49
39
36
58
27
29
58
36
32
27
42
44
29
39
43
51
48
30
41
49
35
50
51
30
53
36
33
38
53
46
35
54
51
38
54
55
21
56
43
35
24
38
48
23
37
50
38
35
40
53
50
31
23
31
26
35
30
34
31
43
55
36
44
34
46
52
57
27
41
45
48
54
37
49
31
32
54
42
47
59
38
56
54
33
34
19
38
48
56
38
41
35
54
49
35
23
50
31
37
38
44
32
36
50
30
36
34
32
35
28
30
36
43
51
51
47
57
46
43
57
29
42
47
44
41
29
39
34
34
55
39
38
40
44
29
57
31
51
52
36
38
40
24
36
34
45
46
41
40
38
48
29
27
37
37
43
57
52
50
39
29
44
21
59
42
40
31
43
61
39
53
42
53
23
37
53
42
56
38
38
54
50
37
49
46
35
35
27
52
59
39
35
55
34
55
35
54
54
36
33
26
56
46
47
30
33
56
34
25
56
37
44
35
35
33
46
48
28
50
52
50
33
36
34
36
31
54
40
39
50
31
30
48
45
42
52
35
54
36
30
54
49
32
32
30
45
40
30
31
43
48
30
50
31
34
53
30
33
32
50
49
36
55
33
37
65
37
53
37
38
50
55
50
24
33
48
39
32
47
38
33
35
46
32
53
34
51
37
49
31
30
52
27
35
30
34
55
50
38
44
51
30
48
45
36
54
54
43
29
31
30
46
57
27
31
44
47
47
41
51
53
50
46
48
53
31
40
51
25
32
36
34
36
44
25
49
52
43
42
53
58
37
44
61
55
28
32
35
64
33
56
49
34
31
56
47
28
49
30
30
40
40
37
28
30
36
55
50
53
30
45
30
54
30
47
40
27
54
57
33
34
53
32
50
39
52
39
38
33
29
45
37
31
34
48
48
48
52
52
29
53
45
55
52
33
43
33
52
24
32
57
55
53
47
33
39
33
33
48
46
36
38
54
31
33
41
37
36
56
44
39
56
50
51
47
45
34
32
47
54
45
37
52
27
37
32
52
51
44
53
39
50
36
48
32
56
37
33
47
56
30
54
53
54
25
46
50
41
62
37
32
47
35
34
48
23
30
46
42
44
26
52
50
51
40
52
33
23
58
50
45
57
38
36
52
41
51
36
45
46
55
37
50
25
34
48
60
32
51
46
56
55
31
50
50
50
33
53
54
35
54
50
32
51
36
26
43
56
40
55
28
48
33
55
46
32
40
31
49
37
29
31
51
50
35
31
41
45
49
50
44
38
55
34
54
54
63
34
54
31
45
38
37
57
35
37
50
46
24
36
32
54
40
37
61
49
29
44
32
41
38
53
41
51
28
54
47
43
54
30
37
43
59
51
51
42
45
41
55
41
55
56
59
60
49
40
48
37
31
34
49
48
56
50
44
39
51
50
48
31
48
52
42
27
34
32
52
48
33
48
48
48
54
28
51
43
32
36
23
30
29
32
36
48
28
39
34
57
53
37
31
52
48
48
42
42
34
35
49
53
37
40
40
37
29
48
60
38
48
53
49
50
47
33
48
51
30
34
37
54
34
35
48
34
46
33
61
20
39
34
50
50
27
35
48
53
48
57
28
51
39
45
65
50
52
33
39
44
41
49
39
45
42
31
39
45
46
37
49
51
32
57
38
53
26
30
52
53
54
57
36
31
36
38
48
55
61
49
45
36
22
25
50
28
53
50
51
34
44
32
33
41
35
53
26
25
31
31
33
36
34
37
45
36
58
38
40
47
48
30
36
52
45
36
47
57
51
36
45
35
49
56
35
52
25
29
33
25
32
35
31
48
39
43
30
33
56
33
34
55
61
45
49
53
33
38
26
38
26
40
33
52
26
38
34
34
51
55
57
43
32
51
43
48
37
51
24
44
44
37
44
52
41
45
55
38
36
37
50
34
39
52
45
28
35
47
25
55
50
51
33
44
28
28
32
49
36
56
48
35
41
54
53
52
30
44
59
50
28
43
42
35
31
36
37
33
44
33
61
28
51
30
39
50
40
46
