27
44
46
50
30
52
55
44
34
46
50
48
44
29
44
47
41
35
49
51
45
34
37
30
42
51
38
47
35
50
46
52
50
58
50
27
54
52
38
47
52
36
60
37
48
52
43
35
47
29
40
29
23
38
37
52
25
36
35
33
28
50
51
40
55
49
56
36
43
35
52
34
44
40
45
48
50
43
48
40
56
34
33
29
31
38
58
56
36
51
53
48
34
50
38
28
43
32
46
48
41
38
37
28
40
33
47
37
31
51
52
32
45
46
44
25
40
32
46
48
34
28
54
33
45
30
58
40
42
51
31
47
42
42
51
55
46
55
29
26
47
43
26
37
50
51
46
50
26
51
43
52
44
31
25
55
40
49
31
47
53
48
50
52
38
43
29
30
38
50
54
37
36
45
33
55
55
36
39
36
26
34
33
31
36
37
36
61
43
55
46
39
32
44
27
45
36
52
34
39
40
41
55
54
50
50
48
47
50
51
41
22
45
35
47
34
29
43
42
44
57
33
51
48
38
61
57
35
47
57
38
45
32
42
43
29
30
55
51
50
34
37
51
40
50
35
34
34
52
24
27
48
32
32
33
38
43
49
48
54
54
35
37
28
31
44
37
30
64
19
25
41
52
57
42
47
55
32
33
35
29
54
49
57
32
45
47
38
30
48
35
35
52
53
49
42
37
51
53
48
50
48
48
51
35
44
56
25
39
51
38
19
27
51
28
38
50
24
58
41
36
64
49
57
51
46
46
50
34
26
55
54
35
48
46
47
36
35
53
34
43
39
32
30
30
37
43
50
39
38
46
34
48
34
49
39
42
33
37
45
41
46
31
52
50
50
53
48
36
48
33
38
53
24
30
26
38
28
32
33
46
38
31
53
51
45
25
39
28
56
27
53
42
48
46
46
32
37
45
31
37
56
41
31
53
55
41
42
33
55
54
32
48
44
27
54
46
52
45
31
52
40
54
37
51
47
26
28
50
60
39
48
52
43
30
47
49
48
31
35
32
29
32
42
54
29
50
51
47
27
38
51
44
30
55
47
48
47
39
32
27
38
28
46
62
28
40
58
25
49
29
35
25
45
50
48
54
36
53
33
29
52
48
38
54
59
32
53
32
27
53
44
47
47
47
40
54
33
49
34
44
46
36
48
34
35
50
45
61
32
41
49
37
54
26
40
55
35
28
45
31
48
51
51
36
53
34
55
50
52
23
51
37
46
47
23
56
37
51
44
30
45
54
43
32
53
54
50
33
53
46
44
24
58
54
29
33
35
50
35
35
33
56
33
50
30
55
28
48
55
50
57
29
32
42
39
26
45
61
19
28
49
51
25
48
35
57
30
37
25
29
36
31
28
30
28
35
56
50
32
44
34
29
44
37
34
36
55
46
34
24
39
51
35
32
46
48
27
49
33
38
43
49
28
48
42
49
45
34
27
39
56
37
43
28
26
42
38
47
51
48
30
42
40
31
27
34
33
35
32
46
28
42
48
37
49
35
59
31
45
34
38
52
42
50
44
35
37
47
33
34
43
54
54
39
51
54
49
29
55
35
28
42
40
35
25
53
60
52
28
48
38
49
41
36
50
53
46
44
36
46
51
34
47
55
30
39
27
38
38
39
35
53
56
56
54
50
45
56
28
34
36
43
48
36
52
45
42
39
48
58
32
42
34
59
49
47
43
49
32
52
39
27
36
33
45
56
37
52
53
34
33
56
35
28
31
36
51
54
55
54
42
34
40
35
55
35
52
53
31
40
43
38
55
32
44
40
34
55
53
52
55
52
45
26
54
35
36
48
55
30
29
26
39
31
45
45
30
30
36
30
38
56
49
31
34
29
46
29
60
31
50
50
29
33
57
38
28
35
43
30
54
46
52
43
43
41
23
42
25
55
47
31
47
50
51
27
43
49
32
29
36
46
35
50
37
46
27
47
28
32
54
48
53
32
43
35
42
32
36
40
55
58
33
54
32
47
50
36
52
38
34
27
50
32
35
47
57
33
53
33
26
32
58
38
46
47
41
42
36
54
31
32
52
35
62
60
32
49
34
43
43
57
28
58
37
34
33
44
51
41
38
40
49
53
33
36
50
35
28
47
47
55
51
29
32
52
48
51
43
49
55
48
39
32
49
47
29
32
36
35
55
36
49
39
55
53
29
42
53
33
49
50
57
32
29
46
32
31
29
34
30
37
33
43
53
40
45
52
29
49
42
52
40
29
49
49
48
32
48
33
29
27
52
32
34
50
58
52
32
52
40
49
50
51
40
50
29
38
50
