33
51
47
55
31
35
36
42
35
50
46
41
49
45
28
46
37
43
30
32
33
51
27
31
53
64
37
48
41
30
58
36
32
28
34
37
48
42
56
28
53
37
31
29
33
37
29
30
31
30
63
40
50
42
42
30
37
43
37
37
53
34
31
51
57
36
36
30
36
51
30
40
35
48
28
32
34
36
36
58
35
48
32
52
35
36
44
38
29
39
29
33
51
31
29
45
36
65
31
37
45
55
27
52
55
30
37
51
57
51
32
36
28
33
36
32
47
34
28
34
35
31
31
36
32
55
35
43
60
28
47
45
47
70
33
43
34
32
44
37
32
38
53
37
32
34
37
51
52
63
36
61
41
45
63
45
32
30
30
36
36
28
50
39
36
52
58
68
57
35
28
42
28
70
52
36
43
26
63
49
38
48
33
58
32
34
37
30
34
56
62
34
32
35
39
34
51
42
32
35
34
46
33
32
49
37
32
32
34
39
34
44
29
34
71
38
55
52
30
32
46
44
33
50
56
37
39
33
34
55
37
64
42
56
29
35
57
65
35
55
33
56
54
35
55
54
54
52
71
56
50
50
33
55
34
30
33
53
30
46
38
34
31
56
31
50
36
52
49
36
50
56
32
32
29
37
44
28
38
43
38
50
34
48
28
29
41
35
31
46
57
46
30
41
51
48
63
55
31
42
31
34
34
34
44
35
32
37
47
33
33
56
40
35
49
31
32
42
63
59
34
37
53
32
52
67
47
69
55
33
31
41
42
32
30
38
48
31
33
34
62
60
51
44
33
45
40
63
43
43
40
40
34
35
50
32
52
35
60
31
35
32
46
56
42
35
30
35
37
45
48
30
49
55
44
51
56
54
49
30
46
48
35
29
33
45
47
63
36
23
34
35
33
44
31
36
33
26
33
46
56
48
33
27
60
34
33
46
34
52
30
62
32
35
53
59
53
35
38
28
30
29
42
35
43
32
34
37
28
34
33
35
55
46
38
31
29
34
61
31
51
26
45
33
39
47
35
29
32
61
36
61
47
32
31
36
26
55
47
32
57
40
31
49
35
54
34
33
45
50
52
46
33
32
43
37
30
27
36
36
39
29
34
29
33
52
27
32
57
54
27
50
30
51
50
57
34
34
35
47
50
39
37
40
50
28
51
61
33
32
57
44
37
33
56
53
52
47
53
33
30
59
53
48
39
35
26
33
36
32
33
63
59
43
48
30
71
51
32
42
29
39
65
36
45
45
48
33
31
51
34
30
31
32
33
60
33
44
54
50
55
26
50
34
34
34
47
44
34
32
46
52
50
54
40
35
70
57
45
34
57
46
71
53
27
33
57
42
37
30
42
47
52
42
30
32
31
57
48
61
31
33
38
53
50
32
38
33
35
33
29
35
34
56
34
49
35
30
55
50
29
46
56
46
48
42
53
39
45
37
48
51
34
38
50
35
26
39
32
35
30
30
35
29
42
30
65
54
30
32
43
35
35
28
30
32
50
51
38
36
66
33
32
41
29
30
45
48
50
53
46
40
29
34
54
46
31
44
36
35
35
33
47
39
47
45
51
35
33
32
52
53
36
34
40
56
31
37
42
43
33
35
45
33
38
25
49
33
51
29
30
48
54
45
63
58
27
51
32
72
38
42
66
40
40
60
33
44
31
39
58
38
29
31
51
30
32
46
55
47
38
49
30
32
35
35
34
33
48
56
48
49
32
34
45
32
36
51
35
32
43
33
33
43
40
36
47
44
40
48
31
35
54
39
36
36
42
31
67
34
41
30
53
35
29
51
45
52
30
31
48
33
33
39
34
54
33
58
29
36
32
29
55
30
34
32
33
32
50
29
54
63
36
50
50
55
34
41
52
34
57
63
31
49
35
40
56
50
31
55
26
26
35
39
35
51
33
38
28
53
33
29
23
33
42
33
30
25
53
45
53
46
28
58
48
58
43
33
28
47
31
50
34
51
53
28
40
55
39
28
38
38
50
32
48
35
33
53
51
32
40
30
49
46
27
34
51
28
36
50
63
53
55
30
56
51
30
34
37
37
58
45
62
33
41
50
43
63
35
34
26
35
33
64
45
36
39
28
33
45
30
54
53
56
36
37
37
54
34
41
29
35
46
64
53
61
35
35
35
34
34
34
44
41
60
38
29
38
37
33
34
55
35
38
63
32
38
49
47
32
35
33
51
51
32
44
62
38
32
50
53
41
42
31
55
46
34
34
51
38
37
54
32
32
35
59
50
30
34
42
32
50
39
74
30
48
33
47
43
31
