25
49
31
30
24
27
59
49
40
33
38
29
30
39
34
58
27
48
41
39
49
30
34
55
33
34
59
46
29
52
23
36
29
25
45
28
31
39
55
42
34
28
41
46
26
35
31
50
43
55
45
52
42
47
41
54
49
28
54
42
34
44
52
32
41
51
34
24
53
31
46
33
37
48
52
43
33
51
33
56
42
40
43
47
50
35
50
32
37
39
38
57
39
30
30
37
47
55
46
33
65
29
37
39
30
38
39
44
54
46
51
44
54
41
42
53
49
47
53
33
44
54
51
38
38
27
36
50
46
52
36
33
52
51
48
36
42
37
56
34
46
53
51
35
54
32
49
60
37
50
33
52
32
51
50
44
41
34
32
42
30
32
44
45
52
56
52
35
52
33
52
32
26
40
26
37
35
24
39
48
35
52
33
49
38
52
29
49
30
42
36
45
44
50
49
47
38
21
51
44
40
51
31
42
25
29
50
53
36
50
51
30
49
34
32
52
30
49
31
51
34
39
33
26
36
49
50
34
32
35
56
43
34
33
53
48
57
39
44
23
50
57
39
29
33
28
36
49
29
41
53
43
30
42
67
34
35
36
47
23
35
44
28
50
59
44
49
55
55
29
45
39
28
44
34
51
46
48
60
45
31
39
48
33
40
40
44
34
46
47
53
47
35
57
51
40
24
21
30
40
30
38
27
37
45
52
34
56
38
39
37
44
31
29
32
49
51
56
37
48
31
58
49
40
54
39
45
28
49
39
39
52
32
48
32
36
41
49
29
28
51
60
34
28
58
45
52
32
43
31
57
46
48
38
38
54
51
52
38
40
59
33
37
38
48
36
42
54
50
34
36
51
51
48
37
29
44
34
35
53
29
59
55
32
25
49
27
48
55
59
31
57
25
45
29
45
48
55
36
44
29
54
43
42
51
48
52
34
33
40
39
39
30
37
43
27
33
47
28
51
21
44
39
35
33
42
36
34
32
58
28
45
45
56
30
45
42
35
31
36
30
53
29
37
51
33
53
47
34
42
47
50
36
42
41
52
46
45
49
44
33
51
61
53
46
39
25
31
49
55
47
46
24
33
40
58
52
49
40
55
31
38
49
31
36
30
43
34
52
26
51
27
57
58
35
36
51
51
43
54
51
42
27
55
49
60
49
32
48
50
49
50
22
50
51
39
25
54
53
37
50
36
62
35
46
23
25
46
49
52
19
46
55
38
35
35
47
42
33
31
47
36
45
40
51
38
31
43
49
36
47
47
27
28
60
34
31
37
32
57
39
39
33
34
38
29
59
35
40
41
46
54
33
35
43
37
52
30
30
52
29
47
44
38
50
42
55
34
55
40
50
52
34
28
27
44
30
42
52
56
33
55
34
50
33
34
53
37
51
36
57
28
63
41
33
51
35
32
45
50
50
36
24
37
49
54
43
34
50
53
41
35
57
39
59
31
35
54
50
48
27
41
49
34
38
56
48
38
32
44
38
35
48
56
51
40
56
33
51
28
42
39
33
39
51
27
47
45
34
48
27
42
38
51
44
28
45
48
30
41
55
54
50
51
43
52
41
56
47
38
50
28
41
52
30
38
31
46
49
37
56
36
58
29
33
28
37
27
33
33
29
45
49
36
57
32
34
29
33
54
37
32
51
28
31
53
29
51
47
40
31
49
48
53
33
28
53
39
37
46
52
44
31
49
46
36
35
55
29
29
33
28
57
54
34
54
43
38
48
52
48
53
50
46
37
36
41
55
32
45
51
50
29
44
51
53
30
46
34
40
47
51
56
49
22
32
38
59
32
42
40
27
35
33
53
30
43
29
37
43
39
35
51
29
47
60
50
45
35
22
34
36
47
53
52
42
48
40
37
40
29
35
34
56
34
59
48
47
52
37
42
54
47
60
39
47
33
49
48
42
38
43
35
54
41
25
26
33
51
50
30
53
49
36
35
35
50
49
32
50
27
33
22
47
48
28
48
31
38
32
32
34
44
49
35
49
33
39
50
27
45
51
29
50
56
50
39
50
55
45
49
53
50
37
44
44
34
55
25
51
37
49
50
25
30
51
49
49
56
47
58
55
35
37
36
55
27
57
44
55
51
58
49
27
33
53
38
54
43
53
41
50
46
33
50
52
55
39
39
52
43
44
41
31
47
51
34
34
34
51
52
53
39
37
48
48
39
48
43
33
58
30
52
32
33
47
63
31
47
50
26
39
42
53
42
48
34
42
33
42
31
26
38
37
58
33
38
51
43
32
49
55
60
54
50
42
42
43
45
40
