56
33
56
53
54
55
54
37
35
36
31
39
57
32
63
32
65
34
33
30
57
36
35
51
29
30
35
28
29
35
33
49
52
48
60
42
38
48
51
45
32
39
49
52
53
30
45
38
60
34
51
56
53
39
56
71
40
49
38
35
52
56
59
61
38
47
63
37
46
31
46
34
52
57
34
32
45
34
33
31
38
37
50
65
28
41
53
58
32
35
34
55
34
34
53
25
30
36
38
38
52
33
40
63
48
36
51
45
31
33
61
32
53
38
44
43
29
45
34
45
50
55
37
48
45
40
32
26
58
34
63
33
48
40
45
56
44
34
31
67
42
52
50
46
27
52
30
52
39
32
48
51
36
52
31
60
53
44
65
28
54
52
35
64
31
32
46
44
31
34
38
49
37
62
45
36
34
36
44
54
61
53
54
54
33
52
45
49
33
36
50
61
38
34
31
57
33
47
59
35
59
33
35
48
50
28
48
36
34
46
30
32
32
51
32
37
35
39
31
35
35
44
35
37
48
42
47
36
36
42
31
30
35
34
33
29
51
31
48
36
43
41
52
35
31
51
44
35
35
30
32
27
34
43
46
34
37
30
47
35
27
38
45
66
60
34
49
33
45
30
47
33
30
42
43
32
44
30
31
30
37
39
38
54
29
39
57
35
51
31
35
33
44
34
55
46
57
30
49
34
33
37
35
31
32
59
32
36
62
58
63
52
36
35
34
52
37
49
61
32
46
33
52
31
51
34
52
63
66
33
47
48
60
62
46
29
65
64
57
31
33
35
33
30
39
34
34
30
30
37
28
41
26
31
62
32
52
28
29
51
46
31
51
45
31
46
41
49
60
63
36
36
55
56
35
33
32
36
28
35
60
28
46
37
36
52
31
44
31
68
45
33
55
61
34
56
34
36
59
34
41
58
55
44
37
64
43
36
38
41
52
47
40
55
33
42
36
52
44
37
31
33
46
36
46
65
48
47
49
39
31
52
32
57
31
36
49
34
33
36
38
45
37
32
39
44
38
39
49
35
38
55
33
32
33
33
46
25
28
46
33
33
41
29
43
33
51
34
47
28
35
57
29
33
35
38
44
45
40
41
29
55
46
51
35
46
29
30
32
30
33
28
31
53
31
43
31
29
36
48
28
54
65
32
52
36
36
49
34
36
34
36
74
35
40
55
32
42
46
31
53
49
31
34
28
30
31
46
38
35
42
31
59
54
34
33
32
51
40
33
42
30
43
56
31
32
49
29
36
54
53
34
34
40
51
35
62
33
48
46
59
50
43
54
35
46
34
54
28
48
44
48
32
44
46
53
27
39
58
34
67
37
32
36
29
32
31
64
47
30
37
33
35
65
56
37
41
50
31
25
31
54
48
51
32
29
33
50
69
55
33
34
40
54
37
48
28
33
54
35
31
59
36
66
62
41
33
36
33
59
33
61
34
48
35
32
42
58
54
32
44
31
51
53
35
33
58
51
29
33
34
32
37
43
37
35
33
39
61
56
31
58
65
30
34
57
35
35
41
30
33
55
27
42
45
42
46
47
33
31
26
34
50
60
34
59
47
33
51
56
34
56
54
36
42
33
49
30
32
54
38
35
27
41
35
37
54
39
54
32
53
33
54
44
51
52
50
35
30
45
34
43
47
48
35
36
34
28
31
37
61
32
51
48
36
36
53
33
32
34
32
37
41
32
41
57
62
30
27
48
26
36
32
50
38
34
33
62
62
45
32
34
31
51
41
33
51
37
36
48
33
53
32
35
32
34
71
52
42
34
58
30
36
32
36
58
54
35
26
40
31
39
33
47
33
27
34
35
43
47
53
51
38
30
30
29
39
53
60
30
44
36
42
34
49
65
54
32
48
31
40
55
50
32
31
27
58
39
58
51
54
52
54
53
32
30
33
37
60
43
33
55
43
46
37
36
36
28
41
42
36
37
39
31
36
34
48
33
29
47
53
32
49
29
32
35
33
52
34
50
32
46
67
42
35
44
36
55
39
31
49
34
59
29
41
57
36
35
31
36
36
57
31
31
31
59
34
29
33
33
30
58
54
49
44
50
55
30
30
49
37
60
49
29
26
31
52
33
45
36
47
59
31
58
54
38
35
55
38
35
63
35
44
33
26
30
52
33
46
41
37
32
27
50
46
33
32
48
36
30
58
45
33
37
52
36
59
36
34
51
36
41
32
49
31
35
52
33
31
54
54
41
45
31
46
33
32
34
42
54
37
50
45
34
62
50
66
31
66
57
33
50
37
32
58
32
57
63
29
39
