45
27
46
35
25
48
35
46
24
37
39
32
57
28
39
30
43
52
53
30
52
38
55
36
34
25
45
41
51
35
38
59
39
57
35
54
41
35
52
48
36
30
48
50
43
38
51
54
49
25
52
37
56
48
53
38
57
51
33
47
33
51
42
51
54
39
45
47
55
34
51
53
26
47
43
47
50
33
31
50
36
52
49
48
51
50
46
47
50
56
35
48
27
29
54
37
45
54
35
38
37
44
43
55
38
40
36
43
46
32
52
48
53
29
37
55
31
37
47
45
51
54
24
33
58
54
23
58
40
21
44
26
49
33
42
41
35
61
42
41
31
29
46
26
48
33
34
33
33
49
31
46
29
36
36
51
52
31
33
54
40
45
54
35
53
38
29
31
39
45
52
30
46
46
34
23
35
44
46
46
51
52
56
50
34
33
33
49
44
42
48
41
48
41
47
35
48
46
32
37
47
39
50
35
40
45
56
50
35
43
36
34
48
34
49
29
28
56
58
44
30
29
44
45
49
49
32
31
51
49
56
53
30
52
29
49
59
52
35
35
36
45
53
50
55
53
41
51
56
38
38
56
44
48
30
52
37
58
53
36
48
45
49
52
58
34
36
22
53
56
31
55
34
54
51
47
30
50
45
50
27
28
43
53
39
36
38
43
62
56
54
37
50
57
44
34
60
44
47
36
28
54
32
35
33
37
36
56
35
34
51
26
43
29
35
45
49
39
35
57
37
36
41
33
51
46
46
53
40
52
57
48
36
34
37
57
59
39
39
49
48
33
47
58
50
48
35
44
55
52
40
36
35
32
58
33
49
43
33
48
43
54
55
38
29
57
34
56
28
37
30
32
27
38
27
31
55
30
52
57
58
35
41
51
47
46
39
51
45
46
48
35
50
50
22
34
36
35
46
41
37
46
29
32
38
50
54
43
63
38
40
38
34
50
36
53
54
34
31
37
40
36
35
49
35
48
34
50
45
46
32
49
38
45
27
38
34
56
53
33
38
35
28
34
43
42
56
38
34
51
43
36
50
40
60
38
51
51
51
54
27
38
32
41
41
53
33
44
27
38
39
50
34
61
44
61
28
57
53
41
36
30
42
42
25
54
28
30
34
36
32
30
52
40
26
35
52
42
52
54
56
31
57
47
41
38
51
52
50
35
56
48
46
49
52
44
47
51
41
40
57
37
55
34
34
44
35
35
38
46
57
36
45
37
36
42
33
29
29
55
52
49
30
60
61
30
41
28
31
60
48
29
36
37
38
50
32
38
28
22
38
32
34
43
49
32
52
34
39
39
33
32
46
26
30
40
45
32
60
50
65
51
44
30
33
52
45
53
42
45
25
32
43
51
26
44
32
53
54
40
42
29
56
37
26
46
26
48
36
48
35
47
56
30
47
51
27
23
35
52
34
42
50
47
45
45
47
29
48
29
30
35
44
36
28
29
45
31
35
47
33
30
31
48
24
37
34
32
50
45
34
54
32
33
32
31
59
54
42
54
37
36
54
35
37
33
37
45
52
32
40
54
31
28
47
53
48
53
34
56
51
32
53
39
51
45
55
32
34
36
52
24
34
39
54
35
34
51
59
18
38
46
42
34
39
47
45
28
32
49
34
38
26
47
33
49
51
43
36
46
50
40
46
48
52
34
39
46
38
34
38
50
29
27
51
41
29
33
60
50
54
54
45
50
48
53
33
28
30
52
50
34
47
45
52
39
40
47
39
35
39
35
46
38
58
32
33
33
39
38
32
46
39
49
48
47
33
33
49
35
52
39
54
52
39
57
52
31
29
29
36
44
33
48
56
53
40
43
46
38
29
23
36
43
51
47
31
36
34
28
50
34
32
49
33
50
37
57
37
50
40
42
38
33
49
50
38
36
52
52
32
45
55
37
41
52
53
53
52
27
50
50
36
47
47
55
33
46
43
54
30
31
50
40
33
46
40
50
27
34
51
35
48
34
35
59
55
48
48
26
45
50
30
54
47
58
55
52
31
30
46
34
49
51
32
39
57
34
27
49
32
55
59
57
28
28
52
55
24
33
51
58
45
33
46
28
54
33
50
34
48
35
48
53
27
34
40
41
34
30
47
50
29
53
54
54
33
51
51
32
32
58
46
55
30
49
51
38
38
52
49
32
43
32
44
51
52
48
38
39
50
32
57
38
30
35
41
30
48
30
46
59
38
26
41
46
55
36
25
54
55
53
54
53
25
51
46
60
38
35
40
59
52
30
50
45
22
53
33
36
46
60
33
33
26
48
49
34
46
52
