44
35
57
39
63
54
33
52
33
42
39
49
44
56
59
57
40
57
49
30
46
30
43
31
37
30
29
32
40
28
30
33
32
57
35
36
34
35
58
33
55
52
35
50
49
47
31
53
26
56
51
53
33
60
57
38
57
30
56
46
34
36
31
44
48
40
43
35
31
37
31
57
42
30
43
43
54
31
77
30
37
60
32
33
49
59
52
36
57
50
57
37
34
32
39
32
33
40
38
31
48
64
34
32
36
33
39
32
35
44
39
29
27
31
46
30
47
50
61
28
55
48
34
34
53
30
57
49
59
44
48
33
27
33
53
56
29
55
51
42
33
32
52
50
42
41
49
35
59
47
32
54
36
37
66
29
51
35
39
44
29
33
30
31
52
31
25
37
56
47
30
42
49
42
68
32
36
34
35
43
31
59
48
72
37
31
62
32
29
49
36
59
29
34
32
37
35
36
34
56
62
50
31
57
39
33
33
53
37
33
34
32
27
42
44
44
37
42
34
53
34
33
55
48
33
27
46
35
35
35
29
33
24
50
64
44
68
52
53
48
52
34
35
47
60
52
50
34
32
30
46
31
33
29
51
53
33
54
58
58
46
43
44
51
32
76
31
31
35
46
43
53
54
31
31
36
66
39
52
27
31
52
29
48
57
32
32
35
42
56
30
33
49
46
30
51
31
48
35
61
34
36
34
35
30
29
33
34
35
38
34
51
39
28
32
31
44
32
36
31
33
28
29
29
41
32
60
35
50
44
29
38
36
32
37
33
55
56
48
35
35
49
34
38
30
47
33
47
46
48
62
48
55
35
41
56
36
31
32
36
55
31
38
44
35
35
49
32
49
51
31
36
54
33
36
32
34
47
34
38
31
64
30
32
35
29
30
31
44
57
50
51
32
32
33
58
47
27
31
57
50
60
31
31
37
56
30
41
36
55
49
28
72
49
31
34
32
34
26
33
33
32
64
56
35
59
70
45
30
54
37
32
31
36
36
56
51
54
51
50
54
36
40
30
37
58
44
33
61
32
30
61
54
51
32
55
54
67
49
32
47
37
49
37
59
47
56
62
35
53
35
34
32
36
50
67
39
47
53
54
29
60
29
45
48
31
34
57
33
42
36
54
38
43
35
33
34
41
42
44
59
54
40
57
31
60
50
29
46
38
37
50
49
48
39
54
32
55
35
59
33
62
60
29
32
48
32
34
34
56
51
34
31
30
53
32
27
29
50
28
43
60
37
33
31
35
49
61
36
30
29
56
31
31
33
25
46
31
35
65
35
43
62
42
44
58
33
52
31
32
33
34
51
53
50
60
33
36
64
33
45
52
35
31
51
36
30
57
53
34
45
34
53
56
29
27
53
47
53
34
37
63
48
27
50
28
51
36
37
67
34
58
36
30
34
54
35
30
34
56
45
32
61
54
37
46
37
34
63
45
56
26
28
44
50
48
34
35
55
35
47
51
46
38
31
37
54
45
38
37
40
30
63
38
27
37
31
48
40
53
52
48
47
48
46
34
52
36
33
34
51
50
41
33
48
49
49
65
44
30
33
55
57
61
49
61
37
33
45
35
34
35
50
59
47
49
50
43
35
30
42
34
55
29
37
51
46
34
41
27
44
51
68
34
55
34
61
37
30
46
33
28
45
36
41
55
28
31
37
50
31
56
30
33
32
58
34
33
58
56
53
39
49
44
30
54
38
33
65
30
31
53
32
32
54
38
41
30
52
63
42
32
49
50
35
29
52
46
46
33
33
49
34
34
37
30
56
41
32
33
33
47
57
31
34
53
33
43
40
35
46
23
34
32
53
50
51
39
32
56
38
31
54
54
56
25
58
32
47
35
32
46
51
54
53
33
30
33
57
49
56
36
40
35
34
54
47
33
42
38
43
41
37
34
53
32
47
71
60
36
33
59
34
55
60
30
31
42
27
37
34
32
54
32
44
33
36
57
61
60
51
36
31
58
54
27
55
28
30
30
32
48
48
37
42
39
51
35
54
43
43
55
48
44
28
33
68
48
46
48
53
32
37
48
58
44
31
26
56
36
35
44
49
31
33
63
30
38
50
56
31
27
33
29
30
32
54
42
45
52
47
67
36
40
44
37
37
27
52
34
33
45
54
32
32
51
41
54
30
31
48
43
59
30
53
36
31
37
35
49
50
42
31
58
59
48
36
27
43
27
78
46
59
58
38
33
38
50
31
35
58
32
31
34
51
53
60
51
49
33
33
39
68
20
31
29
29
59
38
30
34
31
50
35
27
31
44
53
44
33
