58
46
49
30
34
49
35
61
45
57
35
41
41
36
50
37
35
53
34
49
34
34
58
37
43
29
43
47
37
44
42
28
52
35
35
48
55
49
52
38
56
34
31
31
28
36
36
50
54
32
49
29
30
32
38
54
38
29
38
51
46
32
48
62
52
54
59
27
46
49
50
32
53
34
36
33
40
46
34
44
44
40
24
41
38
55
46
30
52
29
37
49
25
47
38
40
55
30
32
36
36
43
51
50
46
38
31
35
31
33
50
35
46
55
46
52
42
51
31
54
43
40
40
50
26
47
36
42
38
27
36
46
32
56
60
29
42
42
50
52
41
35
27
56
28
34
58
47
52
50
36
38
45
44
34
33
40
37
26
49
57
46
26
49
38
53
37
43
53
29
30
50
46
48
34
56
37
51
52
41
37
41
51
51
50
37
30
41
53
38
53
37
52
38
36
34
31
46
34
47
56
46
54
57
54
53
50
51
41
25
28
48
49
56
28
35
56
42
47
47
29
49
32
33
36
29
24
36
38
37
46
37
52
30
51
51
26
31
56
37
56
43
48
31
34
54
56
54
34
47
46
40
37
30
41
26
35
49
35
50
44
35
51
34
56
39
34
51
39
30
41
33
55
23
47
30
33
50
38
42
41
62
35
31
40
29
30
33
39
51
49
53
42
59
41
52
57
43
50
28
55
54
36
45
60
34
31
49
46
33
50
50
51
31
37
38
39
33
50
30
32
46
38
40
33
37
33
50
50
53
52
49
46
57
57
39
49
25
38
39
31
44
39
39
53
39
47
46
44
28
47
49
39
23
34
27
29
56
54
33
58
52
37
30
31
34
46
48
50
30
55
50
49
55
53
51
30
42
32
31
38
49
46
36
48
47
56
35
43
56
27
27
47
55
32
50
54
54
38
47
24
51
50
39
49
57
34
35
51
30
51
55
54
52
44
27
47
51
33
50
56
37
41
45
46
49
36
48
60
34
48
40
28
35
43
53
51
38
22
44
44
33
38
35
50
52
45
49
35
53
47
25
36
29
35
47
29
52
32
36
58
40
32
50
27
54
45
53
39
35
33
32
36
49
52
40
30
44
39
34
50
33
33
38
30
41
41
47
52
36
45
37
29
51
54
38
35
47
52
36
37
42
46
49
51
31
56
56
47
36
52
38
32
56
46
47
32
45
24
31
32
39
32
51
37
47
51
48
34
43
35
46
41
31
34
54
31
51
54
53
43
47
42
27
31
41
32
36
56
50
35
51
54
62
52
52
55
36
38
48
39
33
31
44
45
55
39
33
32
47
44
38
47
51
51
52
35
56
35
30
35
45
54
34
33
44
49
38
36
32
50
52
30
29
46
41
51
32
31
32
47
33
54
42
46
27
34
50
31
31
48
23
48
44
48
42
42
57
29
53
50
36
52
55
31
32
36
30
54
32
41
35
48
36
50
36
54
56
32
29
29
32
36
35
25
44
39
49
58
50
38
53
28
52
48
34
41
42
30
49
50
31
41
58
47
53
54
31
31
59
31
55
31
53
38
45
34
37
47
58
45
36
47
36
30
39
42
32
39
59
55
45
43
32
38
53
30
52
31
53
37
39
37
50
57
26
32
34
33
38
36
50
63
45
59
41
36
59
55
41
35
62
50
52
49
32
36
51
48
51
29
45
33
42
54
30
58
43
57
58
50
31
30
29
30
41
41
48
50
35
50
26
31
48
48
36
58
48
23
47
60
52
36
40
41
31
28
40
56
51
32
24
41
51
34
52
36
53
39
47
53
38
46
49
54
46
49
25
52
33
58
50
51
39
57
40
54
49
40
32
60
38
34
29
48
42
49
41
50
36
52
48
39
33
48
33
52
46
44
42
28
42
30
54
51
53
50
43
46
38
54
38
53
57
45
41
33
26
33
22
36
40
27
45
56
58
48
58
36
51
49
37
50
30
36
19
47
39
28
52
49
31
35
35
34
60
33
44
34
51
32
48
35
34
61
45
24
52
48
50
43
58
37
49
46
41
49
37
34
40
52
27
42
49
30
46
30
46
39
43
44
45
35
38
30
36
51
33
45
46
42
42
32
33
53
51
38
28
32
38
45
49
37
52
39
60
43
27
26
44
32
31
35
56
53
39
44
40
42
50
35
56
56
36
23
56
49
28
34
51
57
39
58
32
38
57
41
51
41
37
50
33
45
56
25
50
56
34
50
33
37
41
28
22
34
53
49
39
29
30
48
49
49
38
45
26
45
34
35
47
50
29
59
50
35
53
41
41
49
28
