43
41
55
26
39
37
33
37
38
36
57
33
42
35
31
28
38
46
28
37
48
56
49
40
29
48
34
32
33
35
46
41
34
58
24
38
32
39
59
28
39
36
34
34
40
46
37
31
30
31
46
55
33
36
31
49
33
51
50
31
33
51
34
55
64
56
58
35
32
35
32
57
43
30
59
29
33
59
43
27
49
41
50
46
50
32
31
53
32
30
35
56
30
34
43
30
34
33
34
31
54
32
57
43
37
50
46
38
55
49
34
50
32
34
35
33
54
42
34
34
56
35
52
32
43
52
50
55
33
38
30
31
27
31
41
39
55
31
37
42
45
29
42
30
30
53
46
33
36
34
40
35
34
34
36
42
44
37
32
34
36
58
50
33
54
66
51
36
50
32
30
36
59
37
37
57
48
46
42
39
40
48
38
53
40
38
30
49
38
49
29
55
55
58
30
40
61
55
31
29
43
57
32
51
32
39
30
31
53
52
58
37
61
46
34
33
29
33
31
30
55
36
35
35
45
52
33
47
40
66
31
28
68
35
39
52
29
27
35
53
34
64
41
34
33
30
36
31
54
49
59
37
57
36
37
34
36
71
56
29
46
64
63
46
32
30
34
61
43
39
36
34
62
68
47
33
48
56
32
57
59
51
34
31
60
35
34
45
50
32
33
52
52
32
48
33
28
56
28
49
49
57
48
29
62
51
45
60
38
37
36
46
46
55
33
34
32
48
37
36
30
33
68
42
38
52
30
58
51
34
39
47
61
35
37
39
30
35
55
58
53
32
51
29
33
35
32
60
52
38
33
33
48
58
37
34
30
32
37
28
44
38
50
34
43
57
30
33
55
49
34
34
55
37
53
43
49
35
48
35
33
34
30
57
33
49
52
27
56
38
52
52
56
47
48
45
33
51
67
41
39
39
50
30
33
33
37
39
40
68
32
58
42
62
59
32
29
34
37
65
59
51
31
35
30
30
29
57
62
42
51
32
49
46
43
31
41
57
52
51
53
35
41
38
43
35
53
32
34
68
48
64
40
31
45
30
33
60
42
32
38
31
47
50
33
33
31
58
33
36
31
51
33
38
40
39
38
49
29
32
35
32
37
55
39
54
31
61
54
33
35
53
37
44
31
35
45
31
37
54
32
54
40
33
33
59
35
47
45
33
35
30
52
32
58
34
31
44
36
52
34
49
32
28
56
34
35
34
36
32
55
60
66
36
38
34
53
36
37
47
40
43
34
55
52
36
26
54
32
63
33
37
43
46
40
34
44
35
31
30
34
38
49
30
33
33
36
64
50
50
34
49
30
56
53
39
33
53
32
44
37
60
44
43
59
34
43
41
28
45
54
34
61
31
39
41
32
33
55
33
35
33
44
55
37
52
41
31
30
47
51
38
35
46
38
32
34
46
34
32
64
42
29
35
28
59
36
31
47
35
33
34
61
37
51
33
54
59
34
47
55
36
41
66
39
49
36
51
51
37
34
50
34
58
57
57
44
34
51
34
48
37
35
45
32
24
33
46
33
34
43
36
35
48
48
36
32
36
36
31
36
45
61
46
33
53
57
40
53
38
45
56
44
34
33
34
45
34
51
28
39
42
31
35
35
56
32
51
32
41
28
36
41
43
32
48
55
50
31
49
36
61
33
42
62
62
43
37
30
43
51
47
33
31
63
52
50
65
32
29
34
35
34
47
49
36
33
59
31
35
51
34
51
31
50
51
34
30
58
44
43
32
44
55
32
44
35
43
31
28
31
32
49
34
49
65
37
26
44
56
37
35
30
34
37
46
43
49
43
57
58
40
40
44
50
31
36
49
50
45
44
31
50
36
39
28
53
46
33
49
35
33
34
42
32
48
31
28
32
31
55
35
37
38
32
56
33
29
36
44
35
58
28
43
61
59
44
39
32
34
35
38
53
33
37
60
31
53
56
32
56
32
35
30
39
56
31
32
61
40
43
36
40
35
34
43
35
46
32
31
30
60
39
37
45
64
35
31
61
30
37
39
31
40
27
54
35
36
50
61
35
44
34
29
50
57
38
65
36
34
33
31
43
47
36
48
48
37
56
57
36
59
36
38
38
29
46
48
46
27
44
62
49
41
41
36
35
31
41
34
44
31
53
44
46
42
33
41
50
32
46
34
57
36
37
55
34
32
33
29
54
31
36
45
50
56
50
47
42
47
37
39
33
50
28
52
29
45
67
40
38
35
42
37
50
32
64
30
37
34
42
60
35
29
51
33
36
52
32
34
50
45
31
60
49
46
46
38
36
39
