47
48
65
85
23
44
38
38
54
40
79
49
41
38
33
56
45
72
83
59
55
80
29
59
23
65
65
28
39
41
35
34
31
39
34
76
88
7
17
11
73
34
33
67
65
48
42
45
64
58
3
100
46
30
85
52
18
60
44
51
39
42
45
52
49
51
31
38
40
53
33
47
35
3
52
40
35
35
71
54
54
68
23
34
27
50
28
53
38
18
36
19
52
67
23
38
42
70
57
68
46
55
66
57
47
58
62
81
84
27
26
44
53
68
43
36
29
55
22
45
20
17
22
38
63
54
62
38
35
65
57
31
19
39
22
28
67
24
29
44
53
35
56
65
34
53
39
32
34
40
50
35
20
37
53
25
45
5
68
43
32
21
21
60
32
29
49
42
70
86
51
55
19
33
58
14
45
32
41
54
36
7
41
38
61
67
47
64
38
6
15
51
68
34
28
39
39
28
45
38
23
42
33
72
57
29
59
28
62
65
28
75
54
36
23
30
13
44
65
52
31
44
15
46
26
12
52
17
8
45
2
42
33
59
31
62
78
54
29
39
75
81
12
28
61
33
49
24
42
41
47
37
44
54
53
42
46
72
34
59
24
73
48
29
58
54
41
38
27
58
66
48
20
25
17
34
35
12
47
38
31
25
44
34
72
18
76
44
28
79
57
35
21
38
33
54
16
69
26
21
47
53
42
17
7
39
47
58
56
28
32
49
28
71
29
43
60
36
48
40
24
48
57
33
57
21
42
67
64
35
35
21
30
7
19
60
36
77
71
39
30
46
41
57
32
50
19
52
58
19
27
24
88
67
34
59
68
46
19
50
48
32
19
43
54
38
28
14
36
41
59
42
49
30
61
32
59
18
38
41
18
50
15
23
56
63
40
71
47
6
21
23
58
55
14
48
35
41
56
20
52
79
50
52
44
10
15
52
54
59
42
56
40
36
50
41
68
19
57
52
22
21
62
7
26
15
59
38
20
47
51
15
17
49
51
71
27
54
34
44
33
25
40
67
59
36
25
61
14
76
20
40
27
42
43
36
33
20
55
19
22
32
22
28
42
17
60
43
57
79
46
18
64
45
64
27
63
43
46
41
27
59
56
55
34
40
31
46
26
41
34
25
42
61
52
58
66
63
47
65
39
36
39
31
34
60
35
50
66
41
66
36
19
62
41
71
15
21
66
46
37
35
31
10
34
25
38
48
60
49
38
41
55
53
52
70
28
51
58
35
38
37
26
42
44
47
49
49
56
57
44
25
38
35
71
11
47
32
35
42
48
46
26
1
70
57
40
58
66
31
42
37
62
47
38
49
16
39
50
22
42
28
19
20
40
17
47
46
28
53
10
40
17
26
35
30
38
9
32
31
29
72
30
56
51
36
26
20
30
42
34
55
32
62
60
41
46
57
43
52
55
31
32
33
40
60
45
70
53
19
48
58
55
54
56
53
55
52
56
64
34
51
51
17
33
56
55
72
32
34
56
33
24
54
52
59
29
68
35
51
36
7
47
47
33
34
35
29
36
28
42
62
38
61
42
31
21
39
54
33
39
60
69
35
51
66
41
52
71
50
18
63
48
49
56
40
19
24
56
43
68
61
41
51
42
34
51
62
51
50
32
36
29
34
67
52
48
63
44
56
58
37
70
8
38
38
29
51
41
2
13
43
32
74
23
18
54
30
28
49
59
61
41
19
34
67
27
54
59
41
46
59
52
44
31
31
37
67
48
10
31
24
32
47
47
49
38
53
49
38
45
39
51
22
47
13
26
41
39
37
68
57
52
39
39
33
26
53
21
37
49
16
35
60
59
38
58
47
48
39
61
37
18
42
58
74
26
54
62
46
56
38
17
17
59
29
26
31
67
62
29
35
50
28
63
40
34
21
68
37
38
34
63
52
44
51
17
54
72
35
18
39
22
56
34
29
34
56
62
21
77
32
31
50
45
56
47
11
63
55
30
69
10
48
38
30
37
81
31
50
58
59
23
55
68
59
43
16
47
55
41
17
35
59
12
30
56
59
41
69
37
39
52
24
28
34
54
26
51
7
25
39
52
60
31
22
42
31
23
55
34
28
48
30
44
21
18
41
41
12
28
53
20
29
35
51
30
23
37
86
45
57
36
70
30
51
59
67
30
38
39
55
30
32
58
23
56
42
23
34
41
51
36
19
44
41
35
52
57
28
45
31
26
52
57
62
18
39
67
40
32
22
37
45
27
31
48
55
34
44
38
40
54
42
55
48
55
63
37
43
77
34
33
69
48
48
