69
48
56
19
49
40
33
43
19
57
51
66
39
31
8
13
37
42
57
24
50
49
58
45
29
39
54
43
22
48
31
28
24
38
24
29
24
56
19
51
41
49
49
37
69
56
34
48
53
49
34
49
46
49
39
57
14
56
62
16
21
13
45
42
38
35
20
63
55
56
58
50
55
23
46
15
34
24
29
21
24
29
12
39
44
35
46
59
16
61
17
44
48
40
31
21
38
35
34
30
71
8
40
16
56
40
18
35
14
43
60
32
62
83
39
32
39
11
76
46
56
82
50
58
60
59
47
6
8
38
50
42
67
37
54
56
59
35
39
15
28
35
40
39
17
68
32
44
50
38
51
47
65
56
28
82
58
42
29
52
47
66
74
26
62
58
4
36
35
39
24
46
43
29
61
38
59
28
41
73
42
38
41
29
21
69
23
24
70
67
1
41
30
50
70
8
36
44
47
36
53
35
47
57
29
25
39
8
71
70
29
58
5
39
51
78
42
40
57
45
66
44
34
25
36
46
66
50
54
66
61
30
41
48
12
28
46
34
47
14
67
22
40
38
52
37
34
47
23
60
34
47
28
17
61
29
33
52
67
68
33
12
62
53
51
66
22
45
43
29
40
21
77
42
48
25
31
61
70
47
54
42
67
63
68
61
38
22
53
18
59
24
28
6
38
35
17
10
51
31
53
4
53
46
5
47
66
33
48
20
3
8
37
45
20
15
35
65
58
30
50
71
39
62
50
6
61
37
20
35
58
34
50
39
43
57
30
60
47
47
57
44
60
48
32
46
25
19
47
56
19
49
31
58
36
46
62
6
48
26
43
28
74
21
26
49
72
39
60
28
53
45
50
37
74
32
36
51
8
31
72
31
12
85
46
14
10
35
43
17
2
73
25
64
63
34
26
56
25
38
40
40
29
19
83
52
31
58
64
83
59
54
73
17
17
25
37
37
51
47
29
71
18
25
36
53
31
76
8
43
53
63
54
38
6
47
78
10
41
65
41
60
79
46
14
31
52
41
18
52
50
40
27
23
20
67
29
52
51
43
1
29
46
63
44
15
22
54
56
43
12
61
40
75
32
37
60
53
37
45
57
17
9
44
48
44
42
77
12
47
16
67
47
31
52
48
40
12
31
49
33
25
49
52
42
63
1
40
15
42
32
58
46
30
64
21
22
33
35
50
39
24
53
33
34
44
16
46
43
41
36
52
36
64
28
52
59
24
50
38
51
24
20
57
61
42
38
17
5
75
37
67
65
57
14
23
3
24
56
33
51
27
40
51
41
26
80
45
37
42
44
30
39
45
23
32
19
52
42
66
53
38
42
26
42
58
71
60
51
61
49
65
35
25
28
16
48
47
32
35
57
58
42
45
65
46
45
68
7
37
44
51
28
48
45
63
85
78
28
35
26
28
43
34
73
24
6
47
48
14
25
87
33
19
34
54
86
44
43
33
66
20
35
9
56
42
50
26
47
41
49
79
56
41
21
70
36
30
40
56
41
28
16
44
37
47
43
31
68
74
57
58
19
35
31
59
52
30
35
47
40
34
37
30
25
17
36
48
55
52
32
42
28
22
54
58
55
49
13
30
45
22
50
49
26
48
17
45
15
34
46
40
39
17
32
62
12
38
25
69
74
44
58
40
25
14
30
40
26
85
45
27
57
23
46
30
19
23
49
60
41
44
53
63
34
29
60
19
66
40
51
53
67
51
8
18
17
42
63
61
30
66
46
29
32
75
16
45
36
35
26
66
49
38
8
54
63
83
64
36
20
65
29
96
19
55
59
37
53
36
44
34
21
62
52
49
56
60
18
22
22
66
79
48
44
34
48
34
40
57
43
67
34
32
67
46
42
51
2
37
41
30
57
52
48
38
20
35
43
51
42
43
62
31
35
47
17
28
17
40
48
36
37
48
28
52
49
56
1
27
38
23
40
63
40
47
49
49
72
50
47
28
42
27
56
45
29
53
36
43
25
57
50
19
61
57
21
38
48
44
68
39
25
43
55
36
55
78
48
33
44
34
33
39
49
37
33
65
23
44
53
36
79
61
47
8
32
51
25
41
40
30
26
73
47
28
50
31
23
37
24
54
52
35
34
62
57
59
24
33
69
10
26
31
18
50
7
61
40
30
70
29
66
58
17
52
39
38
81
40
29
1
41
70
65
65
37
33
43
55
30
33
2
62
15
53
46
57
23
45
71
41
26
37
45
78
33
33
61
8
59
68
31
41
30
66
51
11
57
16
61
73
11
36
45
