44
46
59
97
67
41
42
61
55
20
37
59
46
70
75
52
69
23
42
22
54
53
55
24
22
22
81
48
30
13
41
38
40
55
46
49
83
48
41
70
48
19
35
51
34
24
38
38
29
20
53
53
26
12
40
48
8
33
32
57
68
21
33
31
77
64
75
23
40
67
41
45
65
56
35
42
47
89
90
56
45
55
4
40
65
32
57
30
48
33
36
47
60
49
18
45
30
16
40
44
24
25
70
71
85
39
36
47
42
29
66
47
37
42
39
37
17
17
23
18
46
67
37
47
50
20
34
18
15
52
23
60
49
78
53
34
40
43
43
35
67
72
54
75
52
31
42
38
68
47
54
13
47
43
25
33
66
47
54
41
46
50
65
40
45
39
58
25
49
17
24
41
49
46
60
53
83
29
55
32
34
46
18
28
45
20
30
46
27
33
17
14
52
40
18
41
25
39
61
26
40
60
65
21
5
32
28
44
29
35
36
58
68
57
28
28
45
41
80
61
64
29
28
43
55
79
54
61
60
31
38
62
7
66
53
46
62
37
52
58
41
56
41
41
58
61
35
43
20
22
28
25
28
40
58
41
48
61
34
34
16
28
72
54
22
62
59
63
59
61
47
27
52
58
46
60
42
29
34
17
25
52
53
39
51
39
37
40
24
23
13
29
53
39
52
57
32
52
50
58
58
55
80
31
28
58
44
55
42
25
40
67
33
61
39
38
30
18
42
60
42
21
37
29
45
18
40
32
20
36
61
39
50
16
20
36
27
38
34
21
46
36
66
36
43
68
52
40
32
52
20
27
62
43
45
19
12
12
34
45
34
33
48
50
46
46
34
46
39
50
29
34
60
38
51
40
11
48
65
22
59
41
40
37
5
3
27
41
26
83
15
40
39
26
36
41
28
41
43
89
57
71
34
36
56
52
52
25
32
2
37
38
20
21
30
47
20
53
23
13
23
60
48
12
62
59
40
34
64
65
75
50
8
17
33
26
57
13
21
14
46
46
41
48
60
54
10
50
14
16
63
65
56
37
75
38
38
46
76
28
32
47
9
41
40
44
57
24
55
38
19
54
49
58
73
35
21
44
50
19
23
28
30
38
16
37
51
6
62
40
59
42
8
59
63
29
18
67
44
32
81
49
21
43
62
20
15
18
46
42
45
62
47
44
33
52
54
26
41
36
47
70
56
31
42
21
51
56
15
42
34
55
60
11
53
46
18
42
41
43
33
26
52
13
67
35
26
59
70
6
50
28
52
38
56
62
31
47
41
49
40
37
10
29
44
25
27
23
49
23
38
8
52
53
46
32
25
29
17
58
24
30
38
43
43
10
54
48
60
43
36
27
30
50
54
33
51
28
53
49
50
63
7
55
58
24
48
47
40
16
58
65
32
30
29
67
53
79
67
52
36
49
47
23
12
20
42
53
37
57
70
67
64
13
6
37
49
43
29
46
14
27
37
40
55
17
47
31
40
62
27
18
25
25
21
39
51
62
22
53
60
42
37
28
22
37
45
22
50
29
52
49
51
71
21
39
40
54
40
62
49
33
18
59
37
26
19
47
54
37
53
53
40
53
58
61
24
32
38
47
36
40
59
34
82
26
67
33
61
35
42
13
60
43
29
26
15
38
37
66
7
21
55
88
47
44
18
33
42
60
28
26
71
19
62
64
65
37
44
15
51
31
49
54
46
30
55
25
19
86
9
32
65
33
44
38
77
45
45
49
29
13
15
35
29
14
12
54
55
47
43
29
39
55
34
30
54
33
20
31
15
86
27
40
32
75
55
53
33
47
28
18
27
19
44
30
28
57
8
27
53
39
65
27
73
25
26
66
27
22
36
27
45
29
31
24
57
32
42
52
48
54
52
4
47
57
7
50
43
24
26
63
29
19
56
40
19
89
28
67
59
34
66
41
39
21
60
65
21
25
52
53
32
36
6
70
52
59
70
81
50
64
42
51
20
15
21
17
3
77
61
40
20
39
30
37
47
66
18
65
33
46
13
75
23
38
49
47
7
65
29
25
17
52
47
39
16
21
38
49
59
31
53
48
43
61
79
57
67
37
31
44
35
44
70
54
27
49
79
72
60
44
15
36
30
37
42
40
33
46
28
26
45
31
45
71
5
34
67
60
42
36
45
50
43
72
60
44
74
68
61
63
36
67
23
56
55
39
56
3
12
15
19
53
9
44
50
48
38
28
13
47
34
30
42
26
39
45
43
39
47
15
31
24
53
36
42
61
43
29
24
43
48
54
60
