33
39
29
33
22
37
42
21
76
63
30
40
26
21
43
35
25
18
18
85
57
24
38
37
48
25
58
36
69
38
63
22
27
14
58
43
12
74
27
64
48
26
63
42
46
35
64
44
42
24
45
52
40
29
48
56
15
17
78
22
15
42
23
65
21
57
29
40
43
20
37
25
50
37
45
38
16
63
52
23
39
57
44
57
28
20
25
45
35
74
24
52
11
28
37
43
54
11
46
67
15
48
35
46
64
57
52
52
42
38
63
32
66
32
45
33
68
55
11
35
51
28
80
30
28
12
59
23
35
17
50
43
69
54
58
37
36
35
52
14
57
27
29
73
27
66
18
57
89
36
8
23
22
24
25
62
62
20
22
49
36
40
43
27
24
32
38
58
29
51
58
49
40
41
40
64
65
28
50
19
85
56
27
23
82
48
41
33
34
26
22
46
25
40
37
61
20
33
6
41
37
57
53
50
11
62
46
34
42
47
70
29
57
62
42
52
33
26
21
54
23
65
31
47
48
58
60
9
78
26
52
59
55
49
40
45
59
24
58
40
59
44
52
49
39
48
51
46
42
40
44
42
55
61
39
65
80
67
56
50
38
27
52
5
35
33
28
68
36
43
41
69
63
54
60
47
60
44
40
35
43
38
63
34
18
12
54
25
82
43
33
51
28
37
49
54
49
32
42
21
16
41
64
33
41
61
37
41
35
59
34
41
53
48
48
21
77
26
30
30
52
52
35
32
34
54
79
41
31
38
60
2
43
56
34
62
57
54
24
55
12
51
4
57
47
28
30
40
29
32
60
33
24
31
44
30
55
66
42
38
23
24
60
31
51
26
38
52
61
35
34
45
14
27
57
37
52
41
52
20
45
31
49
44
50
44
32
31
34
25
49
23
49
12
53
44
55
59
33
65
46
26
36
20
15
54
15
25
34
39
34
49
46
30
1
3
33
22
63
45
43
68
31
40
59
33
65
50
43
22
43
24
29
24
65
32
48
49
19
26
27
67
25
16
51
32
38
70
49
40
23
28
13
48
44
39
52
56
67
76
25
32
28
32
61
24
60
69
53
37
17
48
21
49
23
40
40
48
39
37
30
55
41
63
33
25
92
17
52
57
29
44
29
83
56
38
53
48
78
72
29
29
29
66
30
37
83
47
52
45
58
41
54
6
40
36
66
53
26
49
49
29
49
43
42
43
56
39
27
67
17
56
15
45
23
20
54
31
42
49
79
31
65
39
24
11
51
46
34
47
26
32
57
58
24
59
44
28
27
51
31
31
49
40
50
50
40
31
44
37
31
36
30
45
30
22
38
36
74
54
29
21
16
53
20
62
60
25
46
69
39
18
30
21
59
31
55
45
37
54
49
58
22
51
52
89
53
49
71
57
11
39
46
32
41
22
29
68
43
47
40
55
34
34
25
52
42
39
71
63
38
18
23
71
28
54
79
48
51
19
56
40
26
46
16
48
42
28
27
29
64
59
28
60
46
52
44
35
47
84
28
29
25
20
42
43
50
8
60
49
43
75
20
51
27
63
78
58
49
83
28
65
33
48
67
62
36
48
68
39
24
30
38
25
36
39
40
46
58
25
51
78
50
22
43
59
17
59
75
31
42
28
16
55
20
25
56
31
60
62
35
39
16
19
24
35
40
21
33
41
26
37
44
66
28
65
51
70
48
35
36
45
20
7
36
61
60
25
45
16
30
43
40
53
37
28
45
23
70
28
55
13
21
31
21
39
75
55
50
44
30
25
48
56
41
59
38
59
15
36
68
39
48
37
80
57
40
46
42
36
19
23
50
50
38
48
31
36
73
72
77
31
26
46
70
38
48
73
47
43
60
56
32
25
52
55
43
17
28
30
41
71
66
23
49
41
58
29
55
35
55
27
36
43
76
34
50
45
33
45
74
39
47
32
45
29
58
61
39
55
35
81
42
49
49
55
32
38
41
64
59
29
36
44
68
52
38
78
34
35
56
59
40
53
36
44
40
70
59
65
33
51
42
57
67
20
54
71
34
40
56
23
58
12
47
37
74
56
2
97
72
35
51
30
48
53
30
39
41
29
8
37
24
55
41
14
14
60
47
46
46
38
14
44
60
27
21
61
67
17
39
50
51
1
39
29
48
46
41
31
44
41
33
42
81
44
78
40
35
31
61
40
47
49
52
64
67
53
52
40
36
55
47
36
42
13
59
43
37
35
15
49
10
24
20
73
63
45
40
58
31
32
30
38
46
17
15
8
29
16
70
3
41
49
65
