72
63
53
34
73
55
49
30
43
69
45
42
49
43
59
43
31
40
26
30
67
56
64
44
58
26
60
49
77
48
37
53
36
43
68
52
37
36
26
53
58
31
24
14
73
38
20
28
34
16
21
66
46
14
25
26
25
21
34
11
50
51
68
14
74
17
41
38
37
44
15
67
5
39
41
36
19
30
13
51
63
30
38
21
7
17
46
17
10
57
41
72
40
45
34
39
39
40
68
62
42
32
8
16
15
21
30
27
57
26
55
41
34
18
30
29
59
43
45
6
55
25
32
40
38
25
47
43
49
29
10
22
66
50
27
9
30
41
41
28
29
27
31
41
47
55
30
1
21
25
64
43
58
37
59
30
68
58
43
52
43
27
42
41
37
39
43
28
27
28
51
29
56
53
62
58
38
75
33
19
49
28
23
25
24
42
47
43
18
61
9
80
41
46
63
31
25
55
58
40
54
23
40
38
40
53
36
55
76
38
54
50
65
31
57
37
62
50
37
34
33
45
17
25
28
44
30
48
1
27
40
42
47
34
53
39
9
75
19
54
70
21
38
83
48
52
49
16
45
66
41
40
49
29
29
17
36
51
33
52
51
37
27
22
61
42
16
60
39
29
48
27
42
33
52
22
38
23
8
48
52
36
10
47
17
20
25
33
76
39
45
35
46
47
20
37
27
28
39
24
62
11
24
39
49
71
66
9
21
51
41
46
45
52
39
24
32
52
64
41
39
41
40
74
45
68
13
49
60
51
36
4
30
45
58
49
19
48
43
43
13
15
24
31
4
34
22
32
34
58
54
49
39
50
64
57
41
27
46
25
34
31
62
42
32
64
13
39
8
57
42
13
60
23
70
46
26
46
52
55
59
62
40
37
30
21
56
48
35
58
30
18
53
41
51
73
18
38
35
32
60
40
36
25
61
26
49
35
58
25
2
49
20
37
46
22
37
47
65
41
52
73
21
30
48
31
17
52
55
52
33
45
55
52
31
59
43
48
28
45
29
30
17
16
41
35
7
70
46
32
27
44
28
44
41
24
59
14
43
23
37
38
38
57
23
73
30
21
72
50
18
29
74
47
76
45
29
22
36
7
46
51
49
50
71
47
55
56
46
65
37
56
80
48
71
20
43
61
58
74
32
38
65
14
55
57
37
41
46
65
33
53
70
28
26
17
29
17
54
28
29
30
48
73
28
31
50
45
20
51
49
75
33
39
38
16
43
53
62
31
25
49
63
46
46
64
45
41
56
45
39
32
25
43
45
43
48
59
61
42
46
47
38
43
34
51
42
55
50
67
18
42
32
64
37
42
32
63
46
34
58
57
70
33
11
52
22
15
23
26
31
80
12
42
23
40
67
48
36
38
57
27
21
52
69
59
47
33
43
30
46
36
12
59
44
39
75
63
19
38
32
61
37
26
48
32
69
40
39
45
84
43
21
25
26
61
19
55
41
46
52
34
31
42
25
18
33
61
22
65
42
39
30
26
20
23
58
30
62
43
44
71
40
57
44
60
85
51
36
10
44
44
58
19
13
44
28
46
35
64
20
23
66
69
23
64
39
39
27
43
64
54
18
23
54
29
64
45
36
33
26
38
56
23
52
53
54
38
27
30
38
39
31
48
13
79
37
38
70
38
40
34
36
52
51
69
30
41
30
7
25
54
81
25
32
65
56
51
45
20
31
50
26
33
26
23
36
63
29
41
38
71
22
64
32
33
88
65
36
45
50
37
33
41
40
76
26
3
48
24
38
52
21
47
41
33
43
37
68
31
69
43
26
33
63
51
52
53
29
37
45
49
42
29
25
40
30
34
51
50
45
31
46
78
48
38
50
20
75
42
37
55
47
37
29
56
23
61
59
34
51
42
64
50
41
72
48
45
55
49
29
40
36
38
40
37
28
25
34
37
68
56
29
16
43
36
49
85
40
34
32
60
39
35
33
39
26
31
52
35
45
18
45
46
70
55
24
50
22
22
39
58
36
55
39
31
32
49
61
55
58
38
51
75
27
30
57
52
37
21
49
84
31
50
52
46
36
18
37
31
53
66
31
33
54
34
32
48
43
35
50
22
34
25
51
34
10
33
17
48
34
25
62
42
32
44
23
34
63
46
28
37
57
42
61
41
56
49
62
20
9
38
20
28
41
26
71
55
33
51
69
86
47
46
62
39
50
52
55
37
37
52
35
40
39
36
57
33
47
72
62
15
23
47
40
67
45
62
48
43
54
69
34
30
36
22
65
56
34
43
63
32
42
30
54
8
22
